O1,O2,O3,O4,O5,O6,O7,O8,O9,O10,O11,O12,O13,O14,O15,O16,O17,O18,O19,O20,O21,O22,O23,O24,O25,O26,O27,O28,O29,O30,O31,O32,O33,O34,O35,O36,O37,O38,O39,O40,O41,O42,O43,O44,O45,O46,O47,O48,O49,O50,O51,O52,O53,O54,O55,O56,O57,O58,O59,O60,O61,O62,O63,O64,O65,O66,O67,O68,O69,O70,O71,O72,O73,O74,O75,O76,O77,O78,O79,O80,O81,O82,O83,O84,O85,O86,O87,O88,O89,O90,O91,O92,O93,O94,O95,O96,O97,O98,O99,O100,O101,O102,O103,O104,O105,O106,O107,O108,O109,O110,O111,O112,O113,O114,O115,O116,O117,O118,O119,O120,O121,O122,O123,O124,O125,O126,O127,O128,O129,O130,O131,O132,O133,O134,O135,O136,O137,O138,O139,O140,O141,O142,O143,O144,O145,O146,O147,O148,O149,O150,O151,O152,O153,O154,O155,O156,O157,O158,O159,O160,O161,O162,O163,O164,O165,O166,O167,O168,O169,O170,O171,O172,O173,O174,O175,O176,O177,O178,O179,O180,O181,O182,O183,O184,O185,O186,O187,O188,O189,O190,O191,O192,O193,O194,O195,O196,O197,O198,I1,I2,I3,I4,I5,I6,I7,I8,I9,I10,I11,I12,I13,I14,I15,I16,I17,I18,I19,I20,I21,I22,I23,I24,I25,I26,I27,I28,I29,I30,I31,I32,I33,I34,I35,I36,I37,I38,I39,I40,I41,I42,I43,I44,I45,I46,I47,I48,I49,I50,I51,I52,I53,I54,I55,I56,I57,I58,I59,I60,I61,I62,I63,I64,I65,I66,I67,I68,I69,I70,I71,I72,I73,I74,I75,I76,I77,I78,I79,I80,I81,I82,I83,I84,I85,I86,I87,I88,I89,I90,I91,I92,I93,I94,I95,I96,I97,I98,I99,I100,I101,I102,I103,I104,I105,I106,I107,I108,I109,I110,I111,I112,I113,I114,I115,I116,I117,I118,I119,I120,I121,I122,I123,I124,I125,I126,I127,I128,I129,I130,I131,I132,I133,I134,I135,I136,I137,I138,I139,I140,I141,I142,I143,I144,I145,I146,I147,I148,I149,I150,I151,I152,I153,I154,I155,I156,I157,I158,I159,I160,I161,I162,I163,I164,I165,I166,I167,I168,I169,I170,I171,I172,I173,I174,I175,I176,I177,I178,I179,I180,I181,I182,I183,I184,I185,I186,I187,I188,I189,I190,I191,I192,I193,I194,I195,I196,I197,I198,I199,I200,I201,I202,I203,I204,I205,I206,I207,I208,I209,I210,I211,I212,I213,I214,I215,I216,I217,I218,I219,I220,I221,I222,I223,I224,I225,I226,I227,I228,I229,I230,I231,I232,I233,I234,I235,I236,I237,I238,I239,I240,I241,I242,I243,I244
0,0,0,0,0,0,0,0,0,0,0,0,0,0,0,0,0,0,0,0,0,0,0,0,0,0,0,0,0,0,0,0,0,0,0,0,0,0,0,0,0,0,0,0,0,0,0,0,0,0,0,0,0,0,0,0,0,0,0,0,0,0,0,0,0,0,0,0,0,0,0,0,0,0,0,0,0,0,0,0,0,0,0,0,0,0,0,0,0,0,0,0,0,0,0,0,0,0,0,0,0,0,0,0,0,0,0,0,0,0,0,0,0,0,0,0,0,0,0,0,0,0,0,0,0,0,0,0,0,0,0,0,0,0,0,0,0,0,0,0,0,0,0,0,0,0,0,0,0,0,0,0,0,0,0,0,0,0,0,0,0,0,0,0,0,0,0,0,0,0,0,0,0,0,0,0,0,0,0,0,0,0,0,0,0,0,0,0,0,0,0,0,0,0,0,0,0,0,-0.071428,14,0,0,0,0,0,0,0,0,0,0,0,0,0,0,0.601886,0.77478,0.419936,0.902558,0.330663,0.442834,0.002781,0.004716,0.000833,0.004414,0.000689,0.000777,0.591884,0.775079,0.644338,0.901048,0.619183,0.5,0.002449,0.003847,0.000231,0.004899,0.00042,0.00049,0.734096,0.877001,0.788675,0.979349,0.772054,0.853553,0.001566,0.002045,0.000231,0.001991,0.000551,0.000566,0.685594,0.826025,0.355662,0.97702,0.602062,0.662893,3.143054,4.888429,1.154701,4.531167,1.632993,1.364225,0.387818,0.247891,0.249471,0.457496,0.222502,0.400602,0.041079,0.108634,0.0314,0.22694,0.023664,0.035435,0.532429,0.725736,0.235094,0.799454,0.165923,0.180931,12.206245,17.212178,2.516611,15.392601,1.870829,3.308239,1.035218,0.926264,0.788675,0.9375,0.822749,0.940959,0.000156,0.000371,0.000231,0.0004,0.000207,0.000176,0.697319,0.856834,0.788675,0.97076,0.887609,0.850243,0.004139,0.005371,0.001617,0.006585,0.00129,0.001174,0.7519,0.866994,0.355662,0.972212,0.683309,0.750297,2.911211,4.791175,0.46188,4.65892,1.818424,1.642491,0.161498,0.044952,0.355662,0.177053,0.177251,0.236477,0.015362,0.015713,0.018013,0.02214,0.016112,0.016444,0.255746,0.191689,0.25,0.557395,0.104715,0.262017,0.074581,0.143551,0.0624,0.601387,0.039465,0.072881,0.257585,0.218127,0.250133,0.565747,0.092046,0.133564,0.161053,0.350971,0.125,1.228217,0.102095,0.104187,0.672655,0.782037,0.783473,0.808578,0.987449,0.59242,0.419913,0.616053,0.10583,2.218513,0.085479,0.228425,0.632721,0.397849,0.737289,0.226066,0.843874,0.592026,2.448747,10.278894,1.404754,11.073244,1.11475,1.811077,0.5,0.692957,0.355662,0.781064,0.250509,0.252406,0.01224,0.0149,0.001155,0.015492,0.002338,0.005385,0.114313,0.047301,0.278542,0.590977,0.09721,0.077863,0.008837,0.009627,0.00873,0.031853,0.006496,0.008212,0.446883,0.541813,0.644338,0.701519,0.595173,0.567152,0.010982,0.026906,0.006928,0.050347,0.007005,0.008273,0.667915,0.689132,0.5,0.783276,0.58583,0.586189,0.011166,0.011852,0,0.040964,0.003884,0.008637,0.383322,0.308033,0.476271,0.382756,0.379045,0.277282,0.085706,0.3017,0.070238,0.366045,0.068896,0.074833
0.45,0.01,0,0.05,0,0.13,1.16,0.64,0.54,-0.43,-1.08,-0.92,-0.48,-1.25,-0.37,-0.29,-0.37,-0.56,1.4,-0.79,-0.23,-0.25,-0.6,-0.55,0.67,-0.03,0.65,0.16,0.6,-0.17,0.72,0.8,0.71,0.53,2.5,0.29,0.86,0.83,0.48,0.54,0.5,1.11,0.5,0.45,-0.33,0.56,0.64,0.56,0.37,2.35,0.13,0.7,0.68,0.33,0.38,0.21,-0.23,0.3,0.57,0.05,-0.77,0.11,0.19,0.11,-0.08,1.89,-0.31,0.26,0.23,-0.12,-0.07,0.62,0.83,0.89,0.98,0.89,0.7,2.68,0.47,1.04,1.01,0.66,0.71,0.6,0.31,-0.23,-0.06,0.08,0,-0.19,1.77,-0.42,0.14,0.12,-0.23,-0.18,-0.03,-0.14,-0.08,-0.27,1.69,-0.51,0.06,0.03,-0.31,-0.26,0.18,-0.09,0.22,0.22,0.12,0.23,-0.06,-0.19,1.78,-0.42,0.15,0.12,-0.23,-0.18,-0.15,0.13,1.97,-0.24,0.33,0.3,-0.04,0.01,0.04,-0.33,0.07,0.03,0.03,-0.05,0.07,-0.53,0.56,0.28,0,3.65,-0.84,-0.47,-0.22,0.23,0.19,0.56,-0.55,-0.59,0.2,-0.84,0.4,-0.73,0.34,-0.22,0.51,0.03,0.17,0.86,-1.81,-2.16,-1.6,-1.63,-1.97,-1.92,0.61,0.36,0.57,0.54,0.19,0.25,-0.21,-0.03,-0.37,-0.32,0.47,0.46,-0.18,-0.35,-0.29,0.26,0.17,0.62,-1.37,0.05,1.42,0.19,0.3,0.17,0.05,0.11,0.38,0.21,0.09,0.17,0.12,-0.09,0.11,-0.12,0.571428,7,0,0,0,0,0,0,0,0,0,0,0,0,0,0,0.960308,0.956799,0.78786,1.097602,0.971405,1.083333,0.00248,0.004871,0.002663,0.004717,0.001697,0.0016,1.285736,1.589477,0.788665,1.902312,1.01023,1.166403,0.012133,0.009944,0.023903,0.008539,0.016855,0.013772,-0.09588,0.241194,0.212015,0.332882,-0.00611,-0.122005,0.001566,0.002045,0.002894,0.001995,0.001976,0.001572,1.181005,1.179659,0.788675,1.365706,0.981283,1.123981,3.91578,5.655413,5.773503,5.264249,4.501851,3.872983,-0.104689,0.007727,0.216642,0.314953,0.012738,-0.114548,0.051679,0.109754,0.082699,0.224256,0.066836,0.05368,1.087305,1.06702,0.787483,1.211754,1.003437,1.148463,11.244864,18.811806,16.522712,16.771937,11.338724,9.124144,0.392956,0.647085,0.355662,0.6875,0.338626,0.374012,0.000156,0.000312,0.000231,0.0004,0.000207,0.000176,1.234206,1.380406,0.787084,1.519893,1.00587,1.15933,0.007491,0.007894,0.013353,0.008122,0.009686,0.007853,0.537147,0.743372,0.22265,0.849037,0.383437,0.465575,2.019001,4.656801,1.442221,4.685507,1.715809,1.613829,0.669251,0.569688,0.644338,0.537655,0.661374,0.666667,0.015362,0.013991,0.018013,0.021577,0.016112,0.0156,0.288614,0.209457,0.355662,0.54946,0.223245,0.185877,0.067688,0.136641,0.036027,0.585998,0.046973,0.060733,1.195373,0.869084,0.786154,0.73442,0.986571,1.124951,0.247134,0.331564,0.473172,1.210764,0.310369,0.249975,1.167625,1.31063,0.787432,0.982116,1.007412,1.128491,0.684017,0.704699,1.078518,2.244448,0.788315,0.659427,-0.173099,0.191561,0.21323,0.038274,0.016528,-0.077694,3.008473,10.307265,5.230679,11.505743,3.481762,3.34664,1.062401,1.119883,0.788278,1.236135,1.002169,1.111779,0.012891,0.01751,0.019079,0.016981,0.01311,0.010806,-0.143569,-0.326444,0.215297,0.365677,0.024098,-0.074265,0.014593,0.013285,0.018148,0.031423,0.016355,0.016117,-0.283466,-0.507218,0.211738,-0.247065,-0.009438,-0.163565,0.058713,0.047077,0.112167,0.053013,0.079826,0.065639,0.239664,0.302525,0.211325,0.665433,0.056996,-0.032286,0.010531,0.011668,0.010392,0.040563,0.007713,0.007306,1.088682,0.578017,0.780224,0.592599,0.95729,1.012471,0.103338,0.299081,0.166533,0.338601,0.136675,0.112744
0.54,-0.01,0.04,0.06,-0.03,0.09,1.28,0.73,0.47,-0.43,-0.99,-0.87,-0.45,-1.15,-0.34,-0.32,-0.41,-0.51,1.61,-0.86,-0.25,-0.33,-0.43,-0.41,0.55,-0.1,0.57,0.12,0.55,-0.16,0.65,0.68,0.59,0.49,2.63,0.13,0.75,0.66,0.57,0.59,0.56,0.67,0.45,0.43,-0.28,0.54,0.56,0.47,0.37,2.51,0.01,0.63,0.55,0.45,0.47,0.24,-0.31,0.56,0.51,0.02,-0.71,0.1,0.12,0.04,-0.06,2.07,-0.42,0.2,0.11,0.02,0.04,0.8,0.73,0.82,0.84,0.75,0.65,2.8,0.29,0.91,0.83,0.73,0.75,0.51,0.09,0.04,-0.09,0.02,-0.06,-0.16,1.96,-0.52,0.1,0.01,-0.09,-0.06,-0.27,-0.11,-0.09,-0.18,1.94,-0.54,0.07,-0.01,-0.11,-0.09,0.16,-0.07,0.11,0.21,0.09,0.23,-0.02,-0.1,2.03,-0.46,0.16,0.07,-0.02,0,-0.1,0.08,2.13,-0.36,0.26,0.17,0.08,0.1,-0.05,-0.41,-0.04,0.03,-0.96,0.05,0.14,-0.52,0.55,0.28,0.07,3.79,-0.9,-0.43,-0.22,0.26,0.15,0.53,-0.45,-0.49,0.2,-0.77,0.4,-0.57,0.32,-0.03,0.62,0,0.11,0.86,-2.01,-2.44,-1.83,-1.92,-2.01,-1.99,0.49,0.43,0.62,0.53,0.44,0.46,-0.18,-0.09,-0.18,-0.16,0.41,0.39,-0.1,-0.1,-0.07,0.22,0.16,0.76,-1.04,0.05,1.09,0.03,0.26,0,0.02,0.16,0.45,0.21,0.14,0.17,-0.02,-0.32,0.1,-0.46,0.25,8,5,37,2,9,74.666666,176.666666,50,56.666667,115.666667,66.333333,66.333333,1,1,3.333333,0.829976,0.843742,0.544901,0.981969,0.676289,0.768593,0.001667,0.004897,0.002227,0.004919,0.001796,0.001572,1.041078,1.288977,0.648481,1.581399,0.827358,0.946286,0.016156,0.013324,0.024021,0.010987,0.021485,0.018424,-0.042036,0.205277,0.339954,0.291729,0.159247,0.050765,0.001845,0.002092,0.003124,0.001991,0.002641,0.002127,1.035112,1.103575,0.664399,1.291138,0.836218,0.950475,4.788718,6.385559,6.082763,5.951339,5.576737,5.118051,0.046885,0.049231,0.355662,0.308175,0.186599,0.07965,0.061776,0.110469,0.072053,0.220579,0.08312,0.068144,1.022334,1.018356,0.658059,1.179852,0.837466,0.955637,11.566671,20.155869,17.925773,18.056931,14.569374,12.497778,0.392956,0.631868,0.355662,0.6875,0.397938,0.374012,0.000156,0.000284,0.000231,0.0004,0.000163,0.000176,1.026119,1.179496,0.640272,1.358742,0.817157,0.933794,0.008997,0.009578,0.012357,0.009272,0.011929,0.010322,0.751177,0.822404,0.644338,0.930989,0.616846,0.720318,1.824746,4.665476,1.154701,4.843508,1.283745,1.613829,1.00275,1.037784,0.75,0.899148,0.887457,0.96225,0.019393,0.015713,0.0312,0.021577,0.023487,0.018749,0.013213,0.017488,0.211325,0.487354,0.072751,-0.044718,0.085664,0.134997,0.072284,0.569163,0.085391,0.076533,0.858357,0.706133,0.569318,0.674621,0.71346,0.798103,0.276075,0.309427,0.450583,1.185451,0.341516,0.279471,1.041004,1.22034,0.674826,0.985815,0.853534,0.976017,0.859514,0.836411,1.105863,2.286535,1.065433,0.924338,0.116329,0.267668,0.419936,0.110935,0.279026,0.176466,3.431759,9.917559,4.995998,11.732186,3.695763,3.262582,1.03431,1.067205,0.66762,1.207119,0.848732,0.968787,0.013101,0.019834,0.020881,0.018679,0.017922,0.014814,0.061947,-0.113607,0.389944,0.39445,0.219734,0.111419,0.017083,0.015584,0.015144,0.031225,0.018732,0.017414,-0.067837,-0.309006,0.331958,-0.298016,0.150396,0.028362,0.08277,0.063813,0.122985,0.056729,0.107264,0.092585,0.360119,0.448221,0.459659,0.698696,0.341974,0.252754,0.009294,0.011668,0.009089,0.040462,0.007594,0.006741,1.037323,0.654819,0.688982,0.643905,0.862543,0.965089,0.134153,0.292008,0.21166,0.325736,0.19308,0.152898
0.22,0,0,0.05,-0.07,-0.02,1.28,0.69,0.46,-0.57,-1.05,-1.07,-0.51,-1.24,-0.44,-0.42,-0.3,-0.65,1.42,-0.89,-0.35,-0.2,-0.34,-0.55,0.47,-0.17,0.48,-0.02,0.55,-0.2,0.62,0.64,0.76,0.4,2.49,0.16,0.71,0.86,0.72,0.5,0.56,0.67,0.5,0.56,-0.18,0.64,0.65,0.78,0.42,2.51,0.18,0.73,0.87,0.74,0.52,0.21,-0.31,0.6,0.51,-0.07,-0.74,0.07,0.09,0.21,-0.14,1.93,-0.38,0.16,0.31,0.17,-0.04,0.8,0.68,0.82,0.83,0.96,0.6,2.69,0.36,0.91,1.05,0.92,0.7,0.51,-0.52,0.59,-0.14,0.02,0.14,-0.21,1.86,-0.45,0.09,0.24,0.1,-0.11,-0.37,-0.16,0.12,-0.23,1.84,-0.47,0.07,0.22,0.08,-0.13,0.2,-0.12,-0.29,0.09,-0.03,0.17,-0.28,-0.35,1.72,-0.59,-0.05,0.1,-0.04,-0.25,-0.37,0.08,2.08,-0.24,0.3,0.45,0.31,0.1,-0.32,-0.77,-0.07,-0.12,-1.01,0.09,0.1,-0.26,0.32,0.16,0,3.68,-0.74,-0.27,-0.12,0.09,0.12,0.22,-0.09,-0.2,0.09,-0.38,0.18,-0.68,0.35,-0.9,0.87,0.5,0.83,0.76,-1.96,-2.27,-1.74,-1.59,-1.73,-1.94,0.25,0.31,0.54,0.69,0.55,0.34,-0.23,0.15,0.01,-0.21,0.38,0.33,-0.37,-0.14,-0.35,0.08,0.06,0.69,-0.13,-0.3,0,-0.03,0.16,-0.24,-0.21,0.11,0.34,0.06,0.14,0.08,-0.02,-0.45,-0.07,-0.51,1.25,4,0,0,0,0,0,0,0,0,0,0,0,0,0,0,0.560292,0.741697,0.25,0.882504,0.453608,0.49267,0.00152,0.004827,0.0016,0.005049,0.001796,0.001516,0.948215,1.172904,0.78444,1.447533,0.75597,0.863666,0.019448,0.01613,0.002344,0.013161,0.023636,0.021601,-0.04228,0.022955,0.214838,0.066152,0.168458,0.051478,0.00252,0.002271,0.001286,0.002046,0.003318,0.002874,0.639753,0.802989,0.213853,0.966712,0.474431,0.582512,4.621262,6.394631,3.785939,6.171277,4.888763,5.049752,0.425672,0.278299,0.788675,0.40374,0.499579,0.435953,0.061776,0.105848,0.05404,0.213376,0.079089,0.068353,0.665442,0.805929,0.213509,0.949074,0.544518,0.629252,10.955488,20.123126,8.144528,18.684282,14.039231,12.679818,0.392956,0.616836,0,0.6875,0.397938,0.374012,0.000156,0.00025,0,0.0004,0.000163,0.000176,0.928297,1.089422,0.772772,1.28045,0.740254,0.845989,0.010623,0.01095,0.000611,0.010296,0.012972,0.011914,-0.148095,0.335394,0.218189,0.473636,0.006957,-0.069767,2.57164,4.480392,4.613025,4.82034,3.616997,2.944675,0.60055,0.541368,0.355662,0.530684,0.555351,0.546225,0.019393,0.015713,0.018013,0.021184,0.023487,0.018749,0.846404,0.619484,0.764873,0.616654,0.833325,0.898737,0.094086,0.125644,0.157434,0.547257,0.109503,0.087192,0.955834,0.908119,0.644338,0.719038,0.77085,0.877962,0.308446,0.309427,0.144338,1.156095,0.38453,0.330662,0.827734,0.994874,0.25665,0.910453,0.664744,0.76503,0.869608,0.895009,0.260256,2.29523,1.052134,0.98102,0.041489,0.207992,0.29984,0.06833,0.208141,0.09846,4.162022,9.617315,1.665333,12.080014,4.454211,3.956991,0.892895,0.973331,0.5,1.120512,0.727571,0.830766,0.014635,0.021523,0.002,0.019926,0.019408,0.016964,-0.018911,-0.228174,0.216527,0.232832,0.159962,0.051647,0.022354,0.018831,0.010583,0.031129,0.023429,0.022477,0.073386,-0.144427,0.396305,-0.224692,0.260992,0.155191,0.096496,0.075843,0.012858,0.060543,0.115756,0.106339,0.073262,0.178086,0.252563,0.610827,0.136568,0.033882,0.010369,0.010821,0.006601,0.040209,0.010639,0.009416,0.534951,0.445023,0.224656,0.428123,0.490767,0.536283,0.131137,0.284211,0.133167,0.304341,0.180518,0.153116
0.34,-0.06,0,0.04,0.06,0.07,1.28,0.82,0.58,-0.38,-1.12,-0.88,-0.5,-1.09,-0.54,-0.24,-0.31,-0.48,2.09,-0.86,-0.06,-0.01,-0.32,-0.38,0.59,-0.04,0.74,0.24,0.62,0.03,0.58,0.88,0.81,0.64,3.24,0.26,1.06,1.12,0.81,0.74,0.67,0.92,0.5,0.38,-0.21,0.34,0.64,0.57,0.4,2.99,0.01,0.82,0.87,0.57,0.5,0.28,-0.16,0.68,0.63,0.12,-0.59,-0.05,0.26,0.19,0.02,2.6,-0.37,0.44,0.49,0.18,0.12,0.82,0.71,0.55,0.85,0.79,0.61,3.21,0.23,1.04,1.09,0.78,0.71,0.63,-0.19,0.31,0.16,0.3,0.23,0.06,2.65,-0.32,0.48,0.54,0.23,0.16,-0.4,-0.14,-0.07,-0.24,2.34,-0.62,0.18,0.24,-0.07,-0.14,0.23,-0.09,-0.09,0.2,0.09,0.23,-0.07,-0.17,2.41,-0.55,0.25,0.3,0,-0.07,-0.31,0.1,2.59,-0.38,0.42,0.48,0.17,0.1,-0.05,-0.48,-0.07,0.06,-1.05,0.08,0.09,-0.49,0.52,0.27,-0.09,3.56,-1.05,-0.37,-0.22,0.18,0.07,0.53,-0.45,-0.49,0.18,-0.77,0.38,-0.52,0.26,-0.22,0.25,0.07,0.16,1.07,-2.42,-2.89,-2.11,-2.06,-2.36,-2.42,0.56,0.48,0.81,0.86,0.55,0.48,-0.32,0.05,-0.25,-0.32,0.53,0.5,-0.37,-0.31,-0.37,0.16,0.17,0.8,-1.12,-0.2,0.98,0.08,0.41,-0.07,-0.07,0.2,0.42,0.14,-0.03,0.17,0,-0.07,0.49,-0.48,0.5,4,5,145,2,9,66.666666,161.666666,65,46,134,100,100,3,1,1.666667,0.906338,0.854885,0.737289,0.988414,0.745145,0.843386,0.001743,0.004849,0.001405,0.005272,0.00204,0.001683,0.896735,1.107139,0.757904,1.369133,0.716574,0.817925,0.02216,0.018715,0.004007,0.015228,0.023395,0.02373,0.242998,0.29536,0.681467,0.364727,0.402523,0.303022,0.002626,0.002301,0.001286,0.002048,0.003078,0.00299,0.871583,0.974439,0.610056,1.143252,0.702097,0.796586,5.158106,6.784333,3.785939,6.631345,5.154286,5.338539,0.29941,0.22238,0.554554,0.355353,0.459463,0.350659,0.061776,0.100902,0.047659,0.206048,0.06455,0.069937,0.860983,0.91191,0.594491,1.062976,0.68474,0.786089,12.292829,20.635554,7.937254,19.807305,14.209152,13.593299,0.392956,0.60281,0,0.6875,0.397938,0.374012,0.000156,0.000243,0,0.0004,0.000163,0.000176,0.896021,1.058934,0.77845,1.256567,0.717412,0.817041,0.0121,0.012278,0.002274,0.011359,0.012572,0.013072,0.558959,0.718256,0.599554,0.833399,0.523624,0.53028,2.544156,4.409969,4.687572,4.805309,3.527416,2.935605,0.905101,0.973456,0.644338,0.881356,0.776755,0.853553,0.020859,0.017161,0.018013,0.021306,0.023487,0.022062,0.323489,0.25988,0.46697,0.52061,0.449091,0.382385,0.088427,0.116539,0.157434,0.521806,0.102144,0.088424,0.623285,0.625051,0.281857,0.630034,0.50009,0.573881,0.295926,0.29178,0.190853,1.11668,0.370756,0.329358,0.914402,1.086306,0.70628,0.964503,0.7394,0.838508,1.013509,0.999194,0.371663,2.326409,1.0582,1.099596,0.179336,0.255825,0.458761,0.113643,0.338123,0.241853,4.339948,9.129392,1.616581,12.359026,4.530195,4.175058,0.951881,1.024663,0.785162,1.192362,0.767946,0.871338,0.017796,0.023785,0.006429,0.021575,0.020216,0.019748,0.17296,-0.006201,0.513319,0.313386,0.337747,0.23939,0.024105,0.020512,0.010011,0.030667,0.019517,0.023066,0.075225,-0.146908,0.21214,-0.311344,0.256059,0.15545,0.111431,0.090623,0.026633,0.067891,0.116832,0.118996,0.420253,0.546174,0.683348,0.701622,0.549605,0.482835,0.009091,0.010829,0.008545,0.039565,0.009744,0.009062,0.731027,0.563816,0.487192,0.514937,0.59848,0.694529,0.137069,0.274226,0.130128,0.285925,0.152315,0.159931
0.31,-0.06,0.1,0.06,0.03,0.09,1.25,0.89,0.77,-0.24,-1.14,-0.73,-0.31,-1.1,-0.47,-0.07,-0.26,-0.34,2.05,-0.74,0.12,-0.04,-0.21,-0.26,0.72,0,0.92,0.42,0.85,0.04,0.68,1.09,0.89,0.81,3.23,0.41,1.28,1.11,0.95,0.89,0.78,1.19,0.5,0.43,-0.37,0.26,0.67,0.47,0.4,2.8,-0.01,0.86,0.69,0.53,0.47,0.28,-0.16,0.68,0.68,0.07,-0.8,-0.17,0.23,0.04,-0.03,2.36,-0.44,0.43,0.26,0.1,0.04,0.84,0.87,0.64,1.04,0.85,0.77,3.18,0.36,1.24,1.07,0.91,0.85,0.95,0.07,-0.04,0.24,0.41,0.21,0.14,2.53,-0.27,0.6,0.43,0.27,0.21,-0.45,-0.17,-0.19,-0.27,2.12,-0.67,0.19,0.03,-0.13,-0.19,0.23,-0.12,0.15,0.23,0.15,0.31,0.02,-0.08,2.32,-0.48,0.39,0.22,0.06,0,-0.15,0.1,2.39,-0.41,0.46,0.3,0.13,0.08,0.04,-0.33,-0.07,0.12,-1.36,0.1,0.14,-0.55,0.61,0.33,0.02,3.59,-1.05,-0.49,-0.24,0.2,0.11,0.63,-0.63,-0.69,0.22,-0.92,0.44,-0.42,0.22,0.06,0.19,-0.02,0.05,1.11,-2.24,-2.73,-1.89,-2.05,-2.21,-2.26,0.64,0.51,0.87,0.7,0.54,0.48,-0.36,-0.17,-0.33,-0.38,0.65,0.67,-0.19,-0.16,-0.22,0.22,0.2,0.87,-1.24,0.2,0.98,0.24,0.49,-0.03,-0.06,0.24,0.49,0.15,0.11,0.11,0.02,0.35,0.43,-0.48,0.4,5,5,47.5,2,9,74,175.5,27.5,59.5,149.5,59,59,1,1,2.5,0.884116,0.846578,0.672062,0.976128,0.717186,0.810118,0.001801,0.004821,0.001744,0.005491,0.001842,0.001863,0.829324,1.024164,0.662704,1.266367,0.659622,0.755964,0.023837,0.020716,0.002663,0.016958,0.019108,0.024352,0.312713,0.338823,0.67609,0.418374,0.493393,0.371708,0.00267,0.002301,0.001514,0.002042,0.002522,0.002945,0.876185,0.981318,0.70016,1.149269,0.719278,0.807095,5.648813,7.250062,4.163332,7.171531,4.750439,5.517648,0.330597,0.243161,0.355662,0.342293,0.526008,0.385074,0.061589,0.098927,0.018013,0.198271,0.049985,0.06816,0.895833,0.944001,0.725483,1.099878,0.724356,0.820508,14.052661,21.537127,9.609024,21.13277,13.371612,14.56022,0.392956,0.588542,0,0.6875,0.397938,0.416667,0.000156,0.000235,0,0.0004,0.000163,0.000133,0.859445,1.022723,0.737289,1.221894,0.704007,0.786098,0.013354,0.013463,0.00281,0.012378,0.010049,0.013554,0.718928,0.808701,0.692888,0.914283,0.672975,0.661508,2.626439,4.305675,4.838733,4.918138,3.468717,2.958228,0.842778,0.923896,0.644338,0.865408,0.704124,0.784268,0.020859,0.018401,0.018013,0.021346,0.025475,0.02439,0.196488,0.160162,0.299929,0.478319,0.350938,0.261152,0.085664,0.120584,0.13012,0.493816,0.104654,0.094342,0.508783,0.527234,0.299751,0.593542,0.374531,0.46787,0.294123,0.286101,0.260176,1.071552,0.33222,0.324721,0.847659,1.012573,0.65587,0.945997,0.687317,0.774516,1.126582,1.102282,0.427707,2.354743,0.854166,1.141403,0.130916,0.21592,0.268207,0.095532,0.301477,0.20288,4.335058,8.551006,1.006645,12.660667,4.113717,4.337946,0.961347,1.052607,0.75,1.236946,0.798216,0.879075,0.021856,0.026428,0.012,0.023676,0.02012,0.023302,0.223751,0.055259,0.652135,0.309389,0.402245,0.294896,0.023469,0.021698,0.006354,0.030122,0.014833,0.022644,0.199108,0.004393,0.52765,-0.147159,0.375986,0.27168,0.11826,0.099962,0.024111,0.073108,0.096764,0.120202,0.194319,0.330403,0.458761,0.630644,0.355962,0.265168,0.008778,0.010097,0.008083,0.037762,0.008678,0.00899,0.738226,0.604738,0.67609,0.521541,0.581951,0.687342,0.143421,0.254604,0.075719,0.270801,0.142361,0.166066
0.58,0,0.1,0.07,0.07,0.13,1.3,0.91,0.71,-0.24,-1.23,-0.73,-0.46,-1.19,-0.52,-0.15,-0.28,-0.34,2.19,-0.7,0.08,-0.08,-0.27,-0.22,0.67,0,1,0.5,0.78,0.04,0.71,1.1,0.97,0.9,3.46,0.54,1.33,1.17,0.97,1.03,0.78,1.19,0.5,0.27,-0.46,0.21,0.59,0.46,0.4,2.94,0.04,0.82,0.66,0.46,0.52,0.28,-0.16,0.68,0.74,0.22,-0.73,-0.06,0.32,0.19,0.12,2.66,-0.23,0.55,0.39,0.19,0.25,0.97,0.96,0.67,1.05,0.92,0.86,3.42,0.5,1.28,1.13,0.93,0.98,0.89,0.22,-0.08,0.29,0.38,0.25,0.19,2.73,-0.17,0.61,0.45,0.25,0.31,-0.17,-0.09,-0.13,-0.19,2.34,-0.55,0.23,0.07,-0.13,-0.07,0.23,-0.1,0.57,0.26,0.15,0.28,0.04,-0.06,2.47,-0.42,0.36,0.2,0,0.06,-0.15,0.1,2.54,-0.36,0.42,0.26,0.07,0.12,0.14,-0.41,-0.08,0.13,-0.69,0.13,0.13,-0.52,0.55,0.3,0.02,3.71,-0.84,-0.49,-0.27,0.28,0.12,0.71,-0.67,-0.79,0.26,-0.84,0.49,-0.63,0.36,0.1,-0.69,0,-0.05,0.96,-2.38,-2.82,-2.06,-2.22,-2.41,-2.35,0.73,0.46,0.78,0.62,0.43,0.48,-0.32,-0.16,-0.35,-0.3,0.62,0.65,-0.16,-0.2,-0.14,0.26,0.26,0.87,-1.33,0.4,1.31,0.32,0.41,0.03,0.06,0.35,0.52,0.15,0.14,0.14,-0.02,0.32,0.59,-0.31,0.571428,7,5,21,2,5,21,39,83,61,211,100,100,3,1,1,0.927326,0.876321,0.780224,0.997728,0.804636,0.85059,0.002048,0.004816,0.000833,0.005743,0.001532,0.002155,0.766394,0.949431,0.227228,1.173271,0.670945,0.694873,0.024494,0.022185,0.000611,0.018368,0.004095,0.023491,0.339423,0.338823,0.644338,0.423974,0.673648,0.40757,0.002699,0.002301,0.000231,0.002028,0.001056,0.002765,0.873244,0.983662,0.75,1.150016,0.78425,0.819505,6.195673,7.731804,2,7.764229,3.371449,5.477226,0.353434,0.254258,0,0.32309,0.602062,0.418983,0.062315,0.090152,0,0.186865,0.038212,0.064458,0.758991,0.852544,0.430662,1.008127,0.571262,0.687163,14.640128,21.835311,3.605551,22.109405,6.431692,14.247807,0.392956,0.573791,0,0.6875,0,0.416667,0.000156,0.000226,0,0.0004,0,0.000133,0.804771,0.965897,0.67609,1.160635,0.79868,0.735091,0.014054,0.014426,0.001514,0.013295,0.003236,0.01347,0.780631,0.848985,0.726816,0.948252,0.724826,0.714719,2.791329,4.286244,1.616581,5.098512,3.706571,3.104835,0.468838,0.5,0.211325,0.492204,0.271782,0.464467,0.020859,0.018401,0.018013,0.020845,0.017089,0.02439,0.40505,0.305036,0.644338,0.49648,0.5,0.444543,0.082148,0.113483,0.036027,0.459302,0.104654,0.093767,0.775067,0.85509,0.772735,0.676004,0.602234,0.705373,0.303048,0.286101,0.191028,0.998875,0.204108,0.321366,0.777078,0.940872,0.25,0.914737,0.658434,0.706624,1.15491,1.155853,0.04,2.403631,0.305068,1.091625,0.520084,0.420905,0.774881,0.232939,0.918131,0.587302,4.149334,7.585799,3.274141,12.598545,2.351737,4.2,1.064569,1.197246,0.780224,1.424426,0.9655,0.981178,0.03048,0.032031,0.02498,0.028103,0.02363,0.031751,0.348556,0.184702,0.788462,0.37956,0.732168,0.428705,0.022671,0.021792,0.0052,0.029942,0.007538,0.020728,0.206561,0.016307,0.389944,-0.164311,0.236178,0.276708,0.123251,0.108626,0.015144,0.078998,0.026533,0.117932,0.803285,0.87755,0.759582,0.776547,0.922209,0.81497,0.009397,0.010407,0.011429,0.036017,0.010106,0.010195,0.943802,0.831405,0.787698,0.697423,0.853837,0.867762,0.17275,0.238253,0.121655,0.268037,0.117757,0.182787
0.51,0.05,0.04,0.07,0.1,0.15,1.36,1.01,0.69,-0.19,-1.18,-0.69,-0.36,-1.21,-0.46,-0.02,-0.21,-0.32,2.3,-0.65,0.12,0.21,-0.16,-0.22,0.8,0.07,1,0.5,0.83,-0.03,0.73,1.18,0.98,0.88,3.52,0.54,1.32,1.41,1.04,0.98,0.75,1.19,0.5,0.33,-0.53,0.22,0.67,0.48,0.37,3,0.04,0.81,0.91,0.53,0.47,0.28,-0.08,0.75,0.68,0.17,-0.86,-0.11,0.34,0.15,0.04,2.67,-0.29,0.48,0.57,0.2,0.14,1.01,1.03,0.76,1.21,1.02,0.91,3.55,0.57,1.35,1.45,1.07,1.01,0.85,0.01,0.08,0.27,0.45,0.26,0.15,2.78,-0.18,0.59,0.68,0.31,0.25,-0.37,-0.17,-0.19,-0.3,2.32,-0.63,0.14,0.23,-0.14,-0.2,0.25,-0.17,0,0.26,0.16,0.33,0.02,-0.11,2.51,-0.44,0.33,0.43,0.05,-0.01,-0.33,0.13,2.62,-0.33,0.44,0.53,0.16,0.1,0.04,-0.48,0.01,0.15,-0.97,0.09,0.14,-0.64,0.66,0.33,0.05,3.9,-0.96,-0.55,-0.29,0.26,0.12,0.63,-0.72,-0.79,0.25,-0.92,0.53,-0.81,0.42,-0.02,-0.56,-0.07,0,1.01,-2.43,-2.88,-2.13,-2.04,-2.4,-2.46,0.77,0.46,0.78,0.87,0.49,0.44,-0.32,0.09,-0.28,-0.34,0.65,0.61,-0.41,-0.37,-0.43,0.26,0.21,0.99,-1.53,0.2,1.53,0.32,0.54,-0.03,-0.06,0.32,0.56,0.12,0.17,0.19,0.02,0.39,0.64,-0.38,0.875,8,2.333333,140.666666,1.666666,10,25.333333,60.333333,45,51.333333,1777,83.333333,83.333333,1,1.333333,1.666667,0.942644,0.906129,0.75,1.013131,0.835578,0.861449,0.002334,0.004771,0.0012,0.006025,0.001987,0.00249,0.708049,0.884296,0.231945,1.092865,0.484411,0.63267,0.024153,0.023138,0.001617,0.019471,0.003207,0.020854,0.431305,0.416832,0.788675,0.524718,0.770845,0.518078,0.002669,0.002254,0.000462,0.002023,0.001231,0.002459,0.812608,0.93492,0.644338,1.095508,0.713367,0.754441,6.33114,7.999547,1.154701,8.291241,3.710346,5.567764,0.603773,0.446803,0.788675,0.389316,0.844829,0.722986,0.062315,0.080362,0.036027,0.175367,0.04147,0.054363,0.788792,0.875777,0.644338,1.027584,0.707558,0.721124,15.00505,21.954498,2.886751,23.238778,7.026142,13.818265,0.392956,0.558227,0,0.6875,0,0.416667,0.000156,0.000215,0,0.0004,0,0.000133,0.739875,0.900098,0.227228,1.088287,0.643407,0.67037,0.014035,0.015017,0.000611,0.013992,0.003022,0.011935,0.648169,0.762073,0.355662,0.884208,0.614025,0.613785,2.812095,4.07011,0.69282,5.145865,3.800351,3.124811,0.790263,0.88389,0.644338,0.852207,0.661374,0.735702,0.022394,0.019472,0.018013,0.020762,0.016112,0.022062,0.756444,0.621378,0.772772,0.553078,0.723373,0.777284,0.086179,0.096221,0.095318,0.416331,0.116397,0.093767,0.882379,1.047855,0.731768,0.738077,0.834138,0.808849,0.340587,0.297136,0.314682,0.918926,0.233886,0.348606,0.712464,0.876044,0.235094,0.884086,0.517839,0.638053,1.141371,1.187803,0.100664,2.42296,0.280286,0.965816,0.177973,0.195071,0.342757,0.116356,0.258731,0.247641,4.373335,6.558897,3.815757,12.712531,2.625008,4.314832,0.951701,1.104893,0.666438,1.323204,0.825172,0.882297,0.035791,0.03637,0.02203,0.032128,0.028446,0.035313,0.407849,0.236935,0.698246,0.402858,0.754142,0.518102,0.021251,0.022349,0.006053,0.029939,0.008525,0.015959,0.238101,0.056607,0.29984,-0.127082,0.239671,0.304876,0.123457,0.116338,0.016653,0.084651,0.023048,0.106485,0.798409,0.859567,0.651736,0.771866,0.793367,0.800823,0.009858,0.010742,0.0134,0.035526,0.01193,0.010859,0.753682,0.753374,0.5,0.596357,0.617137,0.689358,0.180672,0.222826,0.1,0.261614,0.120941,0.15843
1.15,0,0.04,0.05,0.17,0.21,1.42,1.1,0.84,-0.19,-1.48,-0.78,-0.46,-1.47,-0.65,-0.16,-0.25,-0.34,2.38,-0.65,0.22,0.12,-0.19,-0.24,1.01,0.14,1.31,0.71,1.04,0.01,0.84,1.34,1.25,1.16,3.92,0.84,1.73,1.62,1.31,1.26,0.95,0.97,0.6,0.33,-0.69,0.14,0.63,0.54,0.45,3.19,0.14,1.01,0.91,0.6,0.55,0.41,-0.04,0.83,0.86,0.27,-1.02,-0.19,0.3,0.21,0.12,2.85,-0.19,0.68,0.58,0.27,0.22,1.09,1.3,0.83,1.33,1.23,1.14,3.91,0.83,1.71,1.61,1.3,1.25,0.85,0.13,0,0.46,0.49,0.4,0.31,3.05,0,0.88,0.77,0.46,0.41,-0.38,-0.03,-0.09,-0.18,2.55,-0.49,0.38,0.28,-0.03,-0.08,0.25,0,-0.5,0.31,0.2,0.38,0.06,-0.09,2.64,-0.4,0.47,0.37,0.06,0.01,-0.26,0.15,2.73,-0.31,0.56,0.46,0.15,0.1,0.04,-0.37,0.03,0.21,-1.01,0.08,0.13,-0.67,0.69,0.35,0,4.18,-1.02,-0.62,-0.32,0.61,0.18,0.87,-0.85,-0.99,0.3,-1,0.6,-0.68,0.33,0.18,-2.07,-0.17,-0.16,1.03,-2.51,-2.96,-2.11,-2.21,-2.51,-2.56,0.87,0.46,0.87,0.77,0.46,0.41,-0.41,-0.1,-0.41,-0.46,0.79,0.8,-0.31,-0.31,-0.35,0.3,0.27,1.05,-2.03,-0.15,2.08,0.37,0.64,0,-0.05,0.43,0.56,0.2,0.26,0.25,0.05,0.58,0.85,-0.38,0.8,5,4.75,62.5,3.5,5.25,116.75,296.75,30.5,49.5,269.25,93.75,93.75,2,1.25,1.75,1.124296,1.098359,0.785162,1.183288,0.947689,1.04975,0.003657,0.005425,0.003857,0.006583,0.003909,0.003699,0.736719,0.909163,0.776605,1.120066,0.897546,0.68093,0.023622,0.024359,0.003495,0.020791,0.002893,0.016335,0.731066,0.756339,0.783473,0.901627,0.924126,0.858843,0.002669,0.002308,0.002117,0.00208,0.002201,0.002384,0.830113,0.940349,0.788675,1.10042,0.753473,0.788112,6.374072,8.51597,1.154701,8.865324,4.273952,5.109903,0.499581,0.365379,0.5,0.322183,0.602062,0.63126,0.05963,0.07518,0.0312,0.163089,0.025475,0.046219,0.759915,0.851151,0.681467,1.005542,0.698332,0.6976,14.748395,22.693252,3.21455,24.313846,7.563068,11.948966,0.427831,0.541368,0,0.6875,0,0.416667,0.000115,0.000201,0,0.0004,0,0.000133,0.821597,0.968456,0.78587,1.16237,0.937217,0.805271,0.0142,0.01609,0.004314,0.015006,0.004231,0.009755,0.773764,0.850269,0.731793,0.961297,0.704026,0.747068,2.891786,4.163471,1.006645,5.306593,4.084442,3.282953,0.441947,0.483309,0.355662,0.456021,0.271782,0.382149,0.022394,0.019472,0.018013,0.018475,0.017089,0.022062,0.575425,0.477902,0.5,0.498189,0.528089,0.610914,0.086179,0.088997,0.0624,0.365787,0.091968,0.093767,0.585497,0.719507,0.281707,0.63063,0.433087,0.499927,0.334807,0.30242,0.191028,0.82713,0.233886,0.306166,0.670544,0.834732,0.29984,0.863208,0.482161,0.585391,1.089648,1.218637,0.083267,2.438916,0.280286,0.715666,0.777027,0.682073,0.7209,0.329061,0.911887,0.850213,4.331701,4.462501,5.281414,12.553195,4.167813,4.314832,1.138321,1.354769,0.788509,1.65121,0.960694,1.063876,0.05816,0.052353,0.058924,0.043749,0.059693,0.058523,0.525087,0.337459,0.778735,0.465168,0.838641,0.71715,0.019598,0.022097,0.005381,0.029906,0.010729,0.012587,0.263695,0.088395,0.25,-0.0961,0.250603,0.322567,0.120959,0.122387,0.008,0.089995,0.022722,0.086418,0.917764,0.98229,0.787698,0.815566,0.803553,0.883515,0.01123,0.011741,0.004866,0.035327,0.01477,0.012777,1.0777,1.271741,0.782993,1.021973,0.954577,1.034722,0.25965,0.22811,0.253246,0.268612,0.252982,0.24
0.99,0,0.01,0.02,0.14,0.18,1.42,1.12,0.79,-0.24,-1.53,-0.83,-0.46,-1.52,-0.82,-0.1,-0.22,-0.39,2.09,-0.48,0.26,0.23,-0.17,-0.29,0.89,0.1,1.31,0.71,1.09,0.01,0.72,1.45,1.33,1.16,3.68,1.06,1.82,1.78,1.38,1.26,0.95,1.34,0.6,0.38,-0.69,0.01,0.74,0.62,0.45,2.95,0.35,1.1,1.07,0.67,0.55,0.34,0,0.86,0.8,0.22,-1.07,-0.37,0.36,0.24,0.07,2.56,-0.03,0.72,0.69,0.28,0.17,1.14,1.3,0.71,1.44,1.32,1.14,3.66,1.05,1.81,1.77,1.36,1.25,1.08,-0.16,0.23,0.59,0.73,0.61,0.43,2.94,0.34,1.09,1.06,0.65,0.54,-0.44,-0.14,-0.12,-0.29,2.19,-0.38,0.36,0.32,-0.08,-0.19,0.28,-0.07,-0.94,0.28,0.16,0.34,-0.02,-0.17,2.31,-0.27,0.48,0.45,0.04,-0.07,-0.38,0.15,2.49,-0.09,0.66,0.62,0.22,0.1,-0.05,-0.41,0.04,0.13,-1.32,0.1,0.09,-0.55,0.63,0.33,0.07,4.09,-0.56,-0.56,-0.3,0.49,0.16,0.75,-0.72,-0.88,0.26,-1,0.53,-0.84,0.44,-0.1,-1.38,0.03,0.09,0.57,-2.29,-2.52,-1.79,-1.83,-2.22,-2.33,0.83,0.24,0.75,0.71,0.31,0.19,-0.5,-0.04,-0.43,-0.55,0.76,0.82,-0.47,-0.4,-0.51,0.29,0.24,1.03,-1.25,-0.5,1.2,0.4,0.59,-0.07,-0.11,0.35,0.51,0.21,0.23,0.22,0.05,0.45,0.85,-0.32,0.666666,3,5,73.666666,2,7.666666,48.666666,115.333333,76,52.666667,173.666667,54.333333,54.333333,1,1,2,0.919613,0.98237,0.594491,1.087342,0.770074,0.863166,0.00421,0.005692,0.003175,0.007013,0.003764,0.003886,0.682044,0.852718,0.566767,1.051315,0.663951,0.732101,0.022064,0.025091,0.003495,0.021876,0.002338,0.004356,0.705147,0.696239,0.614708,0.843844,0.789983,0.868713,0.0026,0.002314,0.001744,0.002115,0.001954,0.00214,0.71768,0.849772,0.355662,1.007294,0.580687,0.664992,5.838093,8.577017,1.154701,9.281263,2.065591,3.535534,0.762872,0.592015,0.750529,0.398735,0.896125,0.903106,0.05963,0.071229,0.0314,0.150635,0.039592,0.05182,0.690981,0.803329,0.25,0.95752,0.577522,0.64462,14.072055,22.596492,1,25.249359,3.224903,6.146363,0.427831,0.522435,0,0.6875,0,0,0.000115,0.000186,0,0.0004,0,0,0.780105,0.924259,0.654761,1.111805,0.826093,0.889934,0.013953,0.016853,0.004738,0.015957,0.004293,0.005357,0.517566,0.666187,0.291987,0.819456,0.3472,0.537345,2.846369,3.961408,1.442221,5.393291,1.41798,3.272783,0.748747,0.850481,0.644338,0.866231,0.661374,0.710818,0.023518,0.020401,0.018013,0.018192,0.016112,0.016444,0.864434,0.829598,0.750266,0.574558,0.868425,0.83695,0.096565,0.088997,0.0626,0.310497,0.091968,0.108292,0.875085,1.039195,0.700071,0.793992,0.841639,0.887229,0.354031,0.340453,0.26024,0.726267,0.289584,0.242061,0.416811,0.623683,0.211505,0.754168,0.000432,-0.027225,0.981699,1.195934,0.566157,2.428676,0.453725,0.396204,0.365486,0.275808,0.425671,0.189125,0.438085,0.457001,4.274661,4.460454,5.38145,12.404503,4.037821,3.359233,1.008095,1.217663,0.678277,1.495288,0.84015,0.944716,0.073149,0.065142,0.063571,0.054015,0.071782,0.070707,0.545926,0.341946,0.619728,0.459189,0.756998,0.803911,0.017782,0.022118,0.004176,0.029914,0.00856,0.009652,0.34513,0.169724,0.772772,0.005212,0.6314,0.419131,0.11246,0.125652,0.01222,0.093727,0.013952,0.027479,0.784167,0.867302,0.516639,0.778066,0.680972,0.771675,0.011965,0.012115,0.004007,0.035453,0.011972,0.013742,0.835533,1.010836,0.541239,0.839683,0.69994,0.788076,0.269472,0.249591,0.242487,0.274152,0.237571,0.223706
0.81,0,0.01,0.04,0.17,0.17,1.42,1.07,0.82,-0.34,-1.62,-0.93,-0.44,-1.58,-0.82,-0.17,-0.21,-0.48,1.95,-0.62,0.12,0.09,-0.17,-0.43,0.93,0.14,1.31,0.71,1.21,0.04,0.82,1.47,1.43,1.16,3.63,1.02,1.77,1.74,1.48,1.21,0.89,1.49,0.6,0.5,-0.66,0.11,0.76,0.72,0.45,2.9,0.31,1.06,1.02,0.77,0.5,0.28,0,0.75,0.86,0.1,-1.15,-0.38,0.26,0.22,-0.05,2.39,-0.19,0.56,0.52,0.27,0.01,1.13,1.27,0.78,1.43,1.39,1.11,3.59,0.97,1.73,1.7,1.44,1.17,1.08,-0.3,0.39,0.49,0.65,0.61,0.33,2.79,0.19,0.95,0.91,0.66,0.39,-0.68,-0.16,-0.04,-0.31,2.12,-0.45,0.29,0.26,0.01,-0.26,0.27,-0.12,-1.08,0.26,0.13,0.34,-0.12,-0.27,2.17,-0.41,0.34,0.3,0.05,-0.21,-0.35,0.15,2.44,-0.14,0.61,0.57,0.32,0.06,-0.11,-0.59,0.07,0.06,-1.74,0.13,0.07,-0.58,0.6,0.31,0.07,4.52,-0.71,-0.62,-0.3,0.41,0.16,0.77,-0.72,-0.71,0.26,-0.92,0.51,-0.89,0.45,-0.42,-1.5,0.1,0.38,0.69,-2.24,-2.52,-1.79,-1.83,-2.07,-2.33,0.8,0.29,0.75,0.72,0.46,0.2,-0.46,-0.03,-0.29,-0.55,0.79,0.82,-0.42,-0.25,-0.51,0.29,0.21,1.01,-1.28,-0.6,1.31,0.4,0.58,-0.17,-0.26,0.32,0.5,0.21,0.25,0.23,0.09,0.48,0.79,-0.29,-0.4,5,5,55,2,9,51,129,5,49,176,100,100,1,1,3,0.874767,0.965637,0.554554,1.067791,0.731143,0.817816,0.004625,0.00587,0.000611,0.007441,0.003749,0.00437,0.701296,0.859939,0.757222,1.056163,0.865205,0.887684,0.019581,0.02578,0.002203,0.023019,0.003331,0.004356,0.782077,0.759853,0.75,0.918993,0.772302,0.845712,0.0026,0.002341,0.0004,0.002178,0.002081,0.002475,0.643742,0.799338,0.281782,0.952165,0.343259,0.571429,5.507571,8.316977,1.527525,9.583526,1.32916,3.5,0.671287,0.504458,0.498938,0.328554,0.63678,0.705691,0.05303,0.063553,0.0314,0.142647,0.037895,0.046294,0.60728,0.752272,0.235094,0.905327,0.242692,0.513608,12.816892,21.636657,2.516611,25.892157,2.428992,6.123724,0.427831,0.5,0,0.6875,0,0,0.000115,0.000167,0,0.0004,0,0,0.753351,0.889247,0.75,1.070618,0.750342,0.819151,0.012631,0.017341,0.0004,0.016791,0.004261,0.005605,0.244427,0.415453,0.240259,0.646913,0.043258,0.288957,2.999798,3.646877,3.208323,5.402856,2.225908,3.42215,0.718131,0.850481,0.644338,0.855868,0.661374,0.666667,0.020859,0.020401,0.018013,0.017809,0.016112,0.0156,0.932596,0.974239,0.718068,0.621236,0.834158,0.856134,0.111382,0.093378,0.095536,0.265925,0.116911,0.126763,0.874677,1.036264,0.68904,0.855066,0.799964,0.890925,0.382351,0.381256,0.330795,0.638156,0.329984,0.293179,0.438329,0.658368,0.419936,0.768268,0.245215,0.190986,0.851288,1.17869,0.4996,2.405087,0.503693,0.442267,0.287225,0.168797,0.309144,0.164084,0.33724,0.322533,4.268986,4.503783,5.064912,12.484518,4.198412,3.443512,0.915117,1.110265,0.70016,1.362132,0.757135,0.850099,0.081905,0.074728,0.01249,0.062696,0.072271,0.079025,0.533334,0.309477,0.214286,0.42287,0.570542,0.65916,0.014,0.021848,0.0028,0.029928,0.007088,0.009913,0.403436,0.218886,0.718218,0.063278,0.744471,0.594072,0.096654,0.127766,0.01833,0.096887,0.01568,0.02126,0.591143,0.663497,0.222265,0.704414,0.454988,0.571111,0.011978,0.012131,0.006601,0.035416,0.011108,0.012969,0.74141,0.907475,0.29984,0.77328,0.582569,0.679633,0.253718,0.256662,0.1249,0.274443,0.211943,0.228862
0.06,-0.01,0,0.07,-0.03,0.02,1.36,0.91,0.66,-0.38,-1.42,-0.83,-0.32,-1.39,-0.64,0.04,-0.14,-0.51,1.98,-0.43,-0.01,-0.14,-0.11,-0.41,0.63,-0.1,1.05,0.6,1.11,0.03,0.78,1.48,1.29,0.92,3.44,1,1.42,1.29,1.32,1.02,0.78,1.26,0.45,0.51,-0.57,0.19,0.88,0.69,0.32,2.83,0.4,0.82,0.69,0.72,0.42,0.28,-0.16,0.71,0.68,-0.07,-1.08,-0.33,0.36,0.18,-0.19,2.3,-0.12,0.31,0.18,0.21,-0.09,0.96,1.02,0.76,1.45,1.27,0.89,3.42,0.97,1.4,1.27,1.29,1,1.08,-0.54,0.62,0.26,0.69,0.51,0.14,2.64,0.21,0.64,0.51,0.53,0.24,-1.12,-0.43,-0.19,-0.55,1.93,-0.48,-0.06,-0.18,-0.16,-0.45,0.2,-0.32,-1.3,0.15,0.01,0.2,-0.24,-0.37,2.12,-0.29,0.13,0,0.03,-0.27,-0.15,0.13,2.5,0.08,0.5,0.37,0.4,0.1,-0.5,-0.88,0.09,-0.08,-3.27,0.12,0.01,-0.2,0.22,0.11,0.01,4.12,-0.09,-0.37,-0.16,0.03,0.17,0.33,-0.33,-0.4,0.13,-0.31,0.26,-1.04,0.51,-0.76,0.05,0.43,0.76,0.15,-2.32,-2.36,-1.95,-2.08,-2.05,-2.34,0.39,0.05,0.42,0.29,0.32,0.02,-0.37,-0.13,-0.1,-0.39,0.68,0.63,-0.25,0.03,-0.27,0.13,0.11,0.83,-0.99,-1.05,0.98,0.13,0.36,-0.27,-0.3,0.11,0.28,0.18,0.37,0.19,0.02,-0.13,0.46,-0.48,0.75,4,5,40,2,9,74,177,5,67,126,56,56,1,1,2,0.478389,0.661217,0.213002,0.824724,0.246297,0.40606,0.004242,0.005427,0.003717,0.007571,0.003482,0.00414,0.629646,0.798083,0.400446,0.984571,0.565415,0.64545,0.014912,0.026027,0.002344,0.023853,0.003312,0.003361,0.462321,0.367799,0.217862,0.50574,0.310772,0.462761,0.002433,0.002301,0.00189,0.002178,0.001938,0.002387,0.317482,0.604049,0.213853,0.783304,0.015877,0.206212,4.679905,8.009053,3.785939,9.633349,3.098387,3.876568,0.820259,0.645514,0.644338,0.370567,0.750222,0.841026,0.05303,0.060704,0.018244,0.136718,0.036634,0.038348,0.185574,0.514483,0.213616,0.712925,0.007023,0.025324,11.396438,20.13793,11.930353,25.928571,8.959167,8.719391,0.427831,0.470955,0,0.6875,0,0,0.000115,0.000143,0,0.0004,0,0,0.677363,0.820937,0.213853,0.995625,0.538865,0.652694,0.009867,0.017345,0.001514,0.017373,0.00386,0.004948,0.055334,0.124567,0.245731,0.458502,0.077953,0.131839,3.560729,3.529257,3.801754,5.371787,3.949008,4.07431,0.685405,0.821846,0,0.840099,0.661374,0.666667,0.021035,0.021206,0,0.018156,0.016112,0.0156,0.855467,0.931132,0.644338,0.620694,0.755155,0.799342,0.124555,0.099689,0.036027,0.215869,0.102095,0.115995,0.882055,1.029106,0.749867,0.932863,0.805686,0.865083,0.388469,0.420772,0.125,0.554934,0.289567,0.342327,0.081172,0.428035,0.218421,0.652179,0.093528,-0.010825,0.770006,1.152176,0.544549,2.351944,0.75036,0.680817,-0.168108,-0.368633,0.212568,-0.128593,0.035804,-0.092687,7.097161,6.552442,10.785175,13.277005,9.406948,7.461308,0.768366,0.946195,0.21585,1.16173,0.587273,0.699005,0.082133,0.079095,0.01701,0.067878,0.058247,0.077329,0.152239,0.090519,0.21452,0.226296,0.027999,0.17262,0.012461,0.022742,0.014829,0.029754,0.010417,0.01137,0.403695,0.220403,0.355662,0.058356,0.616846,0.49399,0.075281,0.129055,0.006928,0.100335,0.012837,0.018487,0.304717,0.34091,0.232194,0.588561,0.044875,0.291062,0.01229,0.011864,0.012322,0.033969,0.009778,0.013295,0.209323,0.374781,0.212517,0.282673,0.096472,0.174518,0.253718,0.252891,0.330454,0.275123,0.27053,0.261151
0.45,-0.01,0,0.08,-0.03,-0.04,1.36,0.94,0.69,-0.38,-1.46,-0.78,-0.32,-1.48,-0.69,-0.06,-0.23,-0.51,1.76,-0.43,-0.01,-0.13,-0.11,-0.41,0.72,-0.07,1.09,0.69,1.16,-0.02,0.78,1.42,1.25,0.96,3.26,1.04,1.47,1.35,1.37,1.07,0.73,1.33,0.4,0.46,-0.7,0.09,0.72,0.56,0.27,2.55,0.35,0.78,0.66,0.67,0.37,0.28,-0.08,0.6,0.74,-0.07,-1.16,-0.38,0.26,0.09,-0.19,2.08,-0.12,0.31,0.19,0.21,-0.09,0.99,1.11,0.79,1.44,1.27,0.98,3.28,1.06,1.49,1.37,1.38,1.08,0.82,-0.53,0.59,0.31,0.64,0.47,0.19,2.47,0.26,0.69,0.57,0.58,0.29,-0.98,-0.32,-0.17,-0.45,1.82,-0.37,0.05,-0.07,-0.05,-0.35,0.24,-0.31,-1.44,0.16,0.06,0.22,-0.16,-0.28,1.99,-0.21,0.22,0.1,0.12,-0.18,-0.18,0.13,2.28,0.08,0.5,0.38,0.4,0.1,-0.41,-0.85,0.12,0.01,-2.8,0.1,0,-0.32,0.33,0.19,0.07,4.06,-0.16,-0.37,-0.17,0.24,0.2,0.41,-0.34,-0.47,0.15,-0.46,0.29,-1.04,0.52,-0.45,0.19,0.23,0.49,0.15,-2.1,-2.15,-1.73,-1.85,-1.84,-2.13,0.48,0.05,0.42,0.3,0.32,0.02,-0.37,-0.12,-0.1,-0.4,0.65,0.67,-0.26,0.02,-0.28,0.14,0.11,0.83,-1,-0.86,0.98,0.27,0.41,-0.27,-0.3,0.05,0.35,0.18,0.43,0.25,0.02,0.24,0.52,-0.34,0,4,5,83,2,7,36,86,89,54,173.5,56,56,1,1,1.5,0.54158,0.71939,0.415618,0.859641,0.328526,0.455473,0.003808,0.005109,0.003555,0.007716,0.003207,0.003493,0.765851,0.791698,0.518481,0.974476,0.652276,0.749485,0.004859,0.026083,0.001804,0.024681,0.003174,0.002939,0.581083,0.441919,0.411832,0.593725,0.358797,0.494059,0.002158,0.002224,0.00189,0.002178,0.001652,0.00187,0.341003,0.650691,0.445446,0.820472,0.269211,0.231018,3.406767,7.60387,3.05505,9.767487,3.430258,2.891559,0.79301,0.679055,0.644338,0.355509,0.704512,0.771375,0.055715,0.054778,0.018244,0.130357,0.025671,0.041763,0.193762,0.571756,0.43994,0.75991,0.261493,0.178399,8.095547,18.581587,9.712535,26.130876,10.132456,8.378212,0,0.426209,0,0.6875,0,0,0,0.000113,0,0.0004,0,0,0.749969,0.817438,0.523729,0.98712,0.585542,0.694127,0.005701,0.017234,0.001405,0.017916,0.003312,0.004178,0.33564,0.35186,0.621046,0.623005,0.364572,0.284877,3.599832,3.234551,2.203028,5.385955,3.815058,3.357248,0.216789,0.454022,0.211325,0.4105,0.177251,0.166667,0.016066,0.021206,0.018013,0.018156,0.016112,0.0156,0.796091,0.895568,0,0.636354,0.69759,0.768631,0.131941,0.105355,0,0.145715,0.07912,0.122804,0.856057,0.963982,0.644338,1.016114,0.719206,0.79178,0.336392,0.457381,0.072053,0.430102,0.285044,0.380728,0.044471,0.41716,0.355662,0.644236,0.218715,0.120362,0.720774,1.121643,0.600444,2.295146,0.7999,0.825348,0.13131,-0.034126,0.455099,0.019226,0.290335,0.200593,7.278028,7.356255,8.908423,13.532852,9.777525,8.34985,0.702153,0.875014,0.302485,1.074756,0.477763,0.626178,0.077911,0.081664,0.021939,0.071969,0.044971,0.070007,0.205346,0.14378,0.371373,0.241158,0.20091,0.181583,0.010493,0.0233,0.012957,0.029836,0.012817,0.010748,0.685405,0.292915,0.761018,0.142523,0.873101,0.926667,0.024271,0.128168,0.014048,0.102571,0.018762,0.016667,0.160983,0.124325,0.265221,0.500316,0.109947,0.097672,0.01347,0.0121,0.013062,0.032952,0.015126,0.013532,0.409671,0.59951,0.481519,0.499242,0.349552,0.376701,0.226026,0.249136,0.270555,0.274876,0.282489,0.243311
0.2,0,0,0.08,-0.03,-0.01,1.42,0.91,0.69,-0.38,-1.46,-0.78,-0.3,-1.46,-0.67,0,-0.17,-0.53,1.76,-0.38,0.01,-0.07,-0.15,-0.43,0.75,-0.04,1.09,0.69,1.17,0,0.8,1.48,1.31,0.94,3.26,1.09,1.49,1.41,1.33,1.04,0.78,1.33,0.4,0.48,-0.69,0.11,0.78,0.62,0.25,2.55,0.4,0.8,0.72,0.64,0.35,0.24,-0.1,0.68,0.74,-0.08,-1.16,-0.37,0.3,0.13,-0.23,2.06,-0.08,0.32,0.23,0.15,-0.13,0.94,1.09,0.8,1.48,1.31,0.94,3.26,1.09,1.5,1.41,1.33,1.04,0.98,-0.54,0.62,0.29,0.67,0.51,0.14,2.44,0.29,0.69,0.6,0.53,0.24,-1.07,-0.38,-0.16,-0.53,1.76,-0.38,0.02,-0.07,-0.14,-0.43,0.19,-0.35,-1.2,0.17,0.06,0.23,-0.22,-0.37,1.93,-0.22,0.18,0.1,0.02,-0.26,-0.24,0.15,2.3,0.15,0.55,0.47,0.39,0.1,-0.41,-0.88,0.1,-0.02,-3.1,0.08,0.06,-0.29,0.31,0.17,0,4.06,-0.06,-0.43,-0.18,0.12,0.21,0.46,-0.4,-0.49,0.17,-0.47,0.31,-0.99,0.5,-0.66,0.31,0.4,0.65,0.1,-2.1,-2.1,-1.71,-1.79,-1.87,-2.15,0.51,0,0.4,0.32,0.24,-0.05,-0.4,-0.08,-0.16,-0.44,0.68,0.65,-0.32,-0.08,-0.36,0.19,0.11,0.81,-1.08,-0.68,0.98,0.27,0.43,-0.24,-0.28,0.13,0.37,0.18,0.41,0.25,0.05,0.27,0.59,-0.29,1.6,5,1,162,1,4,19,30,68,34,71,100,100,1,1,1,0.551055,0.725049,0.688982,0.855079,0.343701,0.451304,0.003754,0.00474,0.001058,0.00785,0.003092,0.003194,0.716747,0.765271,0.594491,0.94368,0.553851,0.672908,0.004229,0.025917,0.001058,0.025389,0.001547,0.002956,0.646855,0.519302,0.75,0.677564,0.430123,0.564826,0.002156,0.002159,0.0008,0.002171,0.001431,0.001714,0.349028,0.635359,0.644338,0.806697,0.333447,0.25,3.449857,7.002976,1.154701,9.849578,3.50238,3,0.758657,0.704655,0,0.363425,0.649584,0.719277,0.050517,0.051102,0,0.127189,0.026295,0.039777,0.191478,0.520393,0.554554,0.73121,0.294664,0.195915,8.778417,15.834687,3.05505,26.243329,10.348913,9.40892,0,0.426209,0,0.6875,0,0,0,0.000113,0,0.0004,0,0,0.648319,0.773274,0.355662,0.939436,0.19557,0.556433,0.005281,0.016802,0.000924,0.018338,0.001204,0.003544,0.237798,0.160775,0.481519,0.527878,0.309551,0.208333,3.81385,2.984744,1.8037,5.380501,3.850541,3.733333,0.216789,0.454022,0.355662,0.4105,0.271782,0.236477,0.016066,0.021206,0.018013,0.018156,0.017089,0.016444,0.838696,0.993205,0.788675,0.734681,0.771789,0.808793,0.142188,0.113492,0.036027,0.146972,0.086158,0.129249,0.800893,0.915355,0,0.995451,0.659867,0.735472,0.363446,0.48899,0,0.429642,0.29316,0.368574,0.107138,0.37538,0.211325,0.62315,0.266779,0.179625,0.827263,1.076608,0.069282,2.212745,0.75036,0.891316,0.12706,-0.037463,0.520779,-0.003681,0.293063,0.201385,8.222954,8.271884,3.208323,13.79015,10.631275,9.264988,0.720465,0.888457,0.740247,1.085187,0.457757,0.649407,0.076165,0.084361,0.009018,0.076329,0.015782,0.060982,0.154605,0.125203,0.224656,0.19041,0.226015,0.145743,0.011653,0.023768,0.002663,0.029387,0.015025,0.012358,0.74797,0.310184,0.644338,0.157066,0.760602,0.825396,0.0205,0.126218,0.016166,0.104733,0.019826,0.018439,0.240407,0.195083,0.445446,0.518637,0.266308,0.218597,0.013804,0.012011,0.005499,0.031858,0.016546,0.014807,0.257906,0.424107,0.445446,0.356878,0.265202,0.235949,0.23579,0.238824,0.122202,0.275843,0.312325,0.25458
-0.14,-0.06,-0.04,0.07,-0.03,0,1.42,0.88,0.73,-0.38,-1.4,-0.77,-0.23,-1.43,-0.62,0,-0.23,-0.55,1.76,-0.33,-0.01,-0.07,-0.17,-0.38,0.71,-0.07,1.04,0.64,1.19,-0.02,0.8,1.42,1.19,0.86,3.21,1.09,1.41,1.35,1.25,1.04,0.73,1.37,0.4,0.55,-0.66,0.16,0.78,0.54,0.22,2.55,0.45,0.77,0.71,0.6,0.4,0.27,-0.16,0.6,0.74,-0.15,-1.2,-0.39,0.23,0,-0.32,2,-0.1,0.22,0.16,0.06,-0.15,0.94,1.06,0.82,1.45,1.21,0.89,3.23,1.11,1.44,1.38,1.27,1.06,0.95,-0.35,0.44,0.24,0.62,0.39,0.06,2.39,0.29,0.61,0.55,0.44,0.24,-1.15,-0.38,-0.23,-0.55,1.76,-0.33,-0.01,-0.07,-0.17,-0.38,0.23,-0.35,-1.08,0.18,0.07,0.22,-0.14,-0.32,2,-0.1,0.23,0.16,0.06,-0.14,-0.25,0.18,2.33,0.22,0.55,0.49,0.38,0.18,-0.41,-0.85,0.09,0.01,-3.37,0.1,0.01,-0.26,0.31,0.16,-0.07,4.14,0.03,-0.37,-0.19,-0.06,0.2,0.44,-0.4,-0.49,0.18,-0.38,0.35,-0.89,0.45,-0.5,0.69,0.3,0.45,0.02,-2.1,-2.06,-1.74,-1.8,-1.9,-2.1,0.52,-0.05,0.32,0.26,0.16,-0.05,-0.37,-0.06,-0.17,-0.37,0.68,0.69,-0.31,-0.1,-0.31,0.14,0.11,0.78,-1.08,-0.65,1.02,0.27,0.42,-0.2,-0.2,0.16,0.32,0.2,0.43,0.28,0,0.24,0.51,-0.27,-1,3,2.5,151.5,3,17,15.5,20,41.5,20.5,125.5,75,75,1,1,2.5,0.448215,0.647415,0.227228,0.803582,0.317634,0.327092,0.00354,0.004296,0.000611,0.007878,0.002833,0.002956,0.61799,0.733946,0.219776,0.909313,0.384572,0.546449,0.003249,0.025487,0.000833,0.025953,0.001588,0.002871,0.532202,0.422178,0.355662,0.579397,0.353195,0.414642,0.00207,0.002142,0.000462,0.002152,0.001362,0.001562,0.427831,0.655266,0.788675,0.817996,0.468652,0.35538,3.464102,6.641847,0.57735,9.892687,2.65832,3.073181,0.742997,0.704655,0,0.370256,0.602062,0.678287,0.040364,0.051102,0,0.12637,0.012901,0.034277,0.239286,0.496281,0.355662,0.721715,0.357156,0.257719,9.189503,14.003041,1.154701,26.192609,9.042492,9.63068,-0.293857,-0.226121,0.211325,0.4375,-0.01031,-0.166667,0.000115,0.000143,0.000231,0.0004,0.000163,0.000133,0.577699,0.742689,0.281782,0.907156,0.193814,0.461098,0.004505,0.016242,0.001222,0.01864,0.00147,0.003142,0.391787,0.321283,0.644338,0.614269,0.519498,0.376308,3.773432,2.937612,1.154701,5.341919,2.564371,3.682994,0.260643,0.454022,0,0.417877,0.271782,0.289182,0.016294,0.021206,0,0.017809,0.017089,0.016444,0.586896,0.703906,0.25,0.520195,0.223245,0.517491,0.120162,0.115106,0.0624,0.146801,0.046973,0.101007,0.681251,0.820978,0.211325,0.907402,0.398232,0.611912,0.359355,0.499048,0.072053,0.426738,0.102029,0.279486,0.159464,0.340155,0.268207,0.605816,0.285123,0.225749,0.8932,1.029646,0.100664,2.116484,0.527434,0.891316,0.182195,0.020961,0.327938,0.017216,0.341113,0.25066,8.784214,8.984996,1.74356,14.08497,8.181931,9.937359,0.686149,0.853706,0.644338,1.04272,0.457757,0.609557,0.072075,0.086112,0.010392,0.079998,0.015782,0.047667,0.230628,0.167669,0.414302,0.197447,0.317406,0.221102,0.012251,0.023897,0.002723,0.029196,0.013874,0.013466,0.715157,0.3191,0.211325,0.162971,0.663567,0.748013,0.019753,0.123687,0.002309,0.106754,0.013246,0.019264,0.314494,0.252478,0.744957,0.533079,0.374859,0.274058,0.01415,0.011767,0.003402,0.030105,0.013851,0.014851,0.131999,0.21675,0.241273,0.178509,0.20756,0.135016,0.266077,0.239776,0.18037,0.277353,0.293508,0.296816
-0.06,-0.02,-0.04,0.08,-0.07,0.02,1.42,0.91,0.77,-0.43,-1.59,-0.92,-0.35,-1.52,-0.79,-0.11,-0.31,-0.61,1.8,-0.53,-0.02,-0.17,-0.33,-0.48,0.67,0.03,1.18,0.68,1.26,0.07,0.81,1.5,1.3,1,3.45,1.08,1.6,1.44,1.28,1.13,0.84,1.38,0.5,0.58,-0.6,0.14,0.82,0.62,0.32,2.75,0.4,0.91,0.76,0.6,0.45,0.28,-0.04,0.68,0.71,-0.08,-1.18,-0.44,0.24,0.04,-0.26,2.16,-0.18,0.33,0.18,0.02,-0.13,0.91,1.11,0.74,1.43,1.23,0.93,3.37,1.01,1.52,1.37,1.21,1.06,0.95,-0.13,0.23,0.36,0.68,0.48,0.19,2.61,0.26,0.78,0.62,0.46,0.31,-0.79,-0.32,-0.2,-0.49,1.92,-0.41,0.09,-0.06,-0.22,-0.36,0.24,-0.23,-0.72,0.23,0.15,0.28,-0.12,-0.3,2.12,-0.22,0.29,0.14,-0.02,-0.17,-0.18,0.18,2.42,0.08,0.59,0.44,0.28,0.13,-0.32,-0.77,0.1,0.05,-2.28,0.1,0.06,-0.41,0.45,0.22,-0.03,4.18,-0.25,-0.43,-0.24,0.03,0.2,0.6,-0.63,-0.59,0.23,-0.68,0.46,-0.89,0.44,-0.4,0.5,0.2,0.33,0.3,-2.19,-2.29,-1.79,-1.94,-2.09,-2.24,0.66,0.1,0.51,0.36,0.2,0.05,-0.41,-0.15,-0.31,-0.46,0.74,0.76,-0.26,-0.16,-0.31,0.19,0.18,0.83,-1.37,-0.45,1.31,0.43,0.53,-0.1,-0.15,0.23,0.4,0.12,0.49,0.33,0.05,0.37,0.64,-0.24,1,2,1,162,1,4,19,31,35,68,210,42,42,1,1,1,0.433721,0.654805,0.445446,0.803014,0.410424,0.3433,0.003018,0.004172,0.000611,0.007907,0.002419,0.002836,0.685035,0.726124,0.644338,0.899283,0.513068,0.611294,0.002702,0.025244,0.000693,0.026511,0.001275,0.002596,0.484474,0.431417,0.355662,0.573327,0.406672,0.370035,0.00161,0.002126,0.000462,0.002131,0.00125,0.001368,0.531162,0.713004,0.772772,0.851907,0.728218,0.537503,2.674232,6.406377,1.527525,9.990221,2.19089,2.962731,0.53169,0.543841,0.211325,0.315979,0.177251,0.345906,0.039707,0.050942,0.018244,0.125835,0.016318,0.022858,0.409388,0.605319,0.788675,0.776573,0.635946,0.459014,8.736895,13.15453,4.041452,26.383148,6.742897,9.488297,-0.035218,-0.099479,0.355662,0.431169,0.177251,0.059041,0.000156,0.000167,0.000231,0.000393,0.000207,0.000176,0.614547,0.740396,0.718218,0.901995,0.448969,0.512563,0.003638,0.016154,0.000611,0.018973,0.001306,0.002653,0.376282,0.348931,0.681467,0.625945,0.682981,0.440239,3.300505,2.896024,1.28582,5.293325,1.639512,3.34664,0.260643,0.454022,0,0.417877,0.338626,0.289181,0.016294,0.021206,0,0.017809,0.016112,0.016444,0.466958,0.557014,0.281483,0.415574,0.096081,0.280787,0.119544,0.113496,0.095492,0.146972,0.064576,0.079375,0.579658,0.739353,0.249867,0.819625,0.091458,0.456898,0.359349,0.484066,0.125,0.42971,0.102029,0.242061,0.310938,0.428842,0.78444,0.650447,0.543853,0.389262,0.916806,0.97202,0.234379,2.017599,0.45607,0.792661,0.324565,0.165194,0.787483,0.107029,0.535611,0.389534,8.930167,9.221761,2.203028,14.208019,6.084297,9.253708,0.689052,0.847846,0.788675,1.033623,0.649277,0.624104,0.065017,0.088461,0.005774,0.083568,0.014514,0.036708,0.232149,0.195584,0.644338,0.193805,0.374214,0.274589,0.012289,0.024624,0.000693,0.028978,0.010202,0.014147,0.649525,0.319742,0.227228,0.159429,0.454356,0.61161,0.017834,0.120661,0.00611,0.108947,0.010954,0.018915,0.472892,0.466292,0.781272,0.611376,0.669203,0.47223,0.013219,0.011619,0.007111,0.02832,0.009555,0.014404,0.209472,0.279308,0.435043,0.236893,0.322061,0.24733,0.276794,0.239776,0.102632,0.279512,0.24353,0.318817
0.2,0.06,0,0.07,-0.07,-0.02,1.42,0.91,0.76,-0.38,-1.5,-0.83,-0.27,-1.42,-0.64,-0.04,-0.2,-0.55,1.86,-0.5,0.03,-0.22,-0.25,-0.38,0.76,0.09,1.13,0.68,1.25,0.08,0.87,1.48,1.31,0.97,3.41,1.01,1.55,1.3,1.27,1.14,0.78,1.38,0.45,0.56,-0.59,0.19,0.79,0.63,0.28,2.71,0.33,0.86,0.61,0.58,0.45,0.28,0,0.53,0.74,-0.12,-1.15,-0.38,0.23,0.06,-0.28,2.13,-0.24,0.3,0.05,0.02,-0.11,0.94,1.05,0.78,1.39,1.23,0.88,3.32,0.93,1.47,1.21,1.19,1.05,1.01,-0.22,0.31,0.26,0.6,0.44,0.1,2.52,0.14,0.68,0.43,0.4,0.26,-0.77,-0.34,-0.16,-0.5,1.9,-0.46,0.07,-0.18,-0.21,-0.34,0.23,-0.39,-0.65,0.21,0.12,0.25,-0.18,-0.34,2.07,-0.3,0.23,-0.01,-0.04,-0.18,-0.13,0.16,2.42,0.04,0.58,0.33,0.3,0.17,-0.37,-0.81,0.12,0.04,-2.32,0.07,0.03,-0.35,0.39,0.2,-0.03,4.12,-0.22,-0.49,-0.23,0.11,0.16,0.56,-0.49,-0.69,0.2,-0.54,0.4,-0.84,0.41,-0.53,0.88,0.32,0.44,0.25,-2.2,-2.32,-1.8,-2.04,-2.07,-2.2,0.61,0.12,0.53,0.29,0.26,0.12,-0.41,-0.25,-0.28,-0.41,0.72,0.74,-0.16,-0.03,-0.16,0.21,0.16,0.8,-1.24,-0.45,1.2,0.36,0.53,-0.14,-0.13,0.24,0.34,0.14,0.48,0.3,0,0.35,0.59,-0.31,-0.5,4,0,0,0,0,0,0,0,0,0,0,0,0,0,0,0.473196,0.685808,0.772772,0.814465,0.736158,0.404272,0.002798,0.004126,0.000611,0.007937,0.000776,0.002786,0.907856,0.741357,0.780224,0.910392,0.962613,0.983651,0.003024,0.024911,0.002498,0.027139,0.001837,0.001838,0.697892,0.624834,0.788675,0.750582,0.903436,0.622807,0.001516,0.002103,0.000924,0.00212,0.000826,0.001267,0.428784,0.658112,0.5,0.812735,0.690347,0.48029,2.632835,6.258762,1,10.075755,1.75119,2.818589,0.498822,0.531876,0.355662,0.323605,0.177251,0.345906,0.03536,0.049671,0.018244,0.125736,0.016318,0.022858,0.370329,0.558956,0.569338,0.747683,0.711895,0.442361,8.836477,13.074757,3.605551,26.600664,3.932768,8.674676,0.085422,-0.016004,0,0.424567,0.271782,0.166667,0.000181,0.000186,0,0.000387,0.000219,0.0002,0.581747,0.721307,0.644338,0.882304,0.542379,0.384516,0.003058,0.015909,0.000693,0.019302,0.000787,0.001251,0.313008,0.264674,0.227228,0.564456,0.532603,0.389087,3.386963,2.93919,0.61101,5.268446,1.533623,3.105551,0.739357,0.800783,0.788675,0.840099,0.822749,0.763523,0.016294,0.02053,0.018013,0.018156,0.016112,0.016444,0.441175,0.541767,0.355662,0.412925,0.224519,0.280787,0.111348,0.108239,0.036258,0.146235,0.075746,0.079375,0.459632,0.658843,0.250133,0.737255,0.104768,0.328005,0.32183,0.467416,0.125,0.425438,0.158051,0.242061,0.373421,0.45316,0.692192,0.658237,0.866401,0.472682,0.869022,0.960724,0.294845,1.919586,0.213791,0.650777,0.342183,0.183318,0.621046,0.117911,0.703073,0.40729,8.923853,9.315345,2.203028,14.312775,2.79046,9.108482,0.636449,0.802777,0.466887,0.983073,0.653093,0.513054,0.055271,0.090138,0.005033,0.086728,0.009798,0.012767,0.268769,0.223127,0.788675,0.198648,0.429986,0.325652,0.01283,0.02447,0.000231,0.029057,0.001904,0.014084,0.568459,0.327892,0.281782,0.165081,0.363069,0.51992,0.017042,0.11669,0.00611,0.111097,0.010954,0.016733,0.623987,0.64,0.742775,0.682747,0.899458,0.638222,0.013375,0.01119,0.009611,0.02687,0.009555,0.013987,0.330161,0.403407,0.772772,0.345227,0.55306,0.365055,0.282129,0.239406,0.091652,0.27998,0.125645,0.325235
-0.26,0.05,-0.04,0.07,-0.12,-0.08,1.42,0.8,0.68,-0.42,-1.33,-0.91,-0.11,-1.36,-0.56,0,-0.11,-0.6,1.86,-0.3,-0.06,-0.23,-0.15,-0.35,0.55,-0.07,0.92,0.42,1.23,-0.04,0.78,1.34,1.23,0.74,3.23,1.04,1.29,1.11,1.19,0.99,0.73,1.39,0.5,0.81,-0.45,0.36,0.92,0.81,0.32,2.8,0.62,0.87,0.69,0.77,0.57,0.21,-0.16,0.45,0.63,-0.31,-1.25,-0.44,0.11,0.01,-0.48,1.98,-0.19,0.06,-0.11,-0.04,-0.24,0.89,0.95,0.82,1.38,1.27,0.78,3.27,1.08,1.32,1.15,1.23,1.02,0.85,-0.52,0.59,0.14,0.56,0.45,-0.04,2.43,0.26,0.5,0.33,0.41,0.21,-0.96,-0.42,-0.1,-0.59,1.87,-0.3,-0.05,-0.22,-0.14,-0.35,0.23,-0.4,-1.01,0.13,0.01,0.19,-0.31,-0.49,1.97,-0.19,0.05,-0.12,-0.04,-0.24,-0.12,0.18,2.47,0.3,0.54,0.37,0.45,0.25,-0.59,-1.11,0.15,-0.07,-2.83,0.08,0.05,-0.23,0.26,0.14,-0.07,4.03,0.19,-0.31,-0.16,-0.12,0.15,0.33,-0.27,-0.33,0.12,-0.38,0.25,-0.94,0.49,-0.98,1.3,0.6,0.93,-0.15,-2.24,-2.12,-1.88,-2.05,-1.97,-2.17,0.36,-0.12,0.24,0.07,0.15,-0.05,-0.36,-0.17,-0.09,-0.3,0.63,0.61,-0.19,0.08,-0.12,0.11,0.07,0.71,-0.91,-0.75,0.77,0.21,0.33,-0.27,-0.2,0.08,0.31,0.12,0.46,0.19,-0.07,0.19,0.23,-0.36,0.428571,7,3,76.625,2,13,29,76.5,50,54.125,2411.875,13,13,1,1.5,2,0.045643,0.332579,0.213853,0.630893,0.001942,0.057988,0.003136,0.003982,0.003029,0.007863,0.002142,0.003092,0.397593,0.664915,0.268207,0.839005,0.193903,0.223753,0.002929,0.024103,0.00302,0.027495,0.002015,0.002011,0.340173,0.398221,0.311018,0.508957,0.250206,0.280801,0.001408,0.002088,0.001058,0.002093,0.000734,0.001217,0.07769,0.442346,0.214838,0.680579,0.078038,0.114583,3.107908,5.962291,3.21455,10.037165,2.073644,2.666667,0.694801,0.690922,0.788675,0.390441,0.661374,0.666667,0.030287,0.049671,0.018244,0.125884,0.016318,0.0158,0.223203,0.416274,0.217862,0.674769,0.20639,0.283922,8.881373,12.814663,4.725816,26.642332,3.405877,7.584707,-0.09207,-0.265466,0.211325,0.16594,0.112543,0.002933,0.000267,0.000245,0.000231,0.000387,0.000301,0.000291,0.255662,0.649056,0.211325,0.820913,0.050927,0,0.002831,0.015458,0.002078,0.019508,0.001633,0.0018,0.078141,-0.048532,0.216527,0.336106,0.02761,0.060059,3.83224,3.319464,3.174902,5.262553,2.258023,2.727636,0.739357,0.783745,0.644338,0.825448,0.822749,0.710819,0.016294,0.019472,0.018013,0.018475,0.016112,0.016444,0.544328,0.686817,0.788675,0.513824,0.464892,0.4172,0.08892,0.108239,0.036258,0.143927,0.073108,0.062533,0.510717,0.707322,0.644338,0.802344,0.362229,0.321923,0.241057,0.464655,0.072053,0.413361,0.151339,0.136583,0.141743,0.200765,0.212934,0.510757,0.083399,0.099108,0.87693,0.990024,0.568976,1.801095,0.368058,0.523832,0.209124,0.051883,0.211678,0.025861,0.093854,0.245527,9.454196,9.651492,4.046398,14.583462,2.79046,7.029778,0.466355,0.712132,0.21585,0.88764,0.153279,0.126812,0.042107,0.08996,0.01701,0.088516,0.012738,0.015333,0.159138,0.149698,0.211538,0.12516,0.035971,0.218707,0.014204,0.023444,0.0052,0.029351,0.004238,0.012996,0.519809,0.335536,0.25,0.170905,0.168535,0.355846,0.016827,0.113247,0.004,0.113126,0.008548,0.010791,0.712414,0.792828,0.738663,0.738498,0.850193,0.792446,0.013299,0.01117,0.007821,0.025996,0.013136,0.012994,0.15171,0.141308,0.238982,0.112998,0.169042,0.197021,0.313436,0.250911,0.140475,0.281545,0.163666,0.284214
-0.02,0.03,-0.04,0.08,-0.07,-0.06,1.42,0.89,0.71,-0.43,-1.46,-0.92,-0.16,-1.49,-0.64,-0.1,-0.1,-0.61,2.03,-0.46,-0.07,-0.17,-0.16,-0.38,0.63,-0.02,1.05,0.55,1.32,-0.03,0.83,1.39,1.38,0.87,3.54,1.02,1.42,1.31,1.32,1.09,0.67,1.34,0.5,0.77,-0.57,0.29,0.84,0.83,0.32,2.98,0.47,0.87,0.76,0.77,0.54,0.21,-0.12,0.68,0.68,-0.27,-1.33,-0.48,0.07,0.06,-0.44,2.2,-0.29,0.1,-0.01,0.01,-0.22,0.96,1.08,0.86,1.42,1.41,0.9,3.57,1.05,1.45,1.34,1.35,1.12,1.01,-0.57,0.62,0.21,0.55,0.54,0.04,2.69,0.19,0.58,0.47,0.48,0.26,-0.79,-0.34,0,-0.51,2.13,-0.36,0.03,-0.08,-0.06,-0.29,0.26,-0.29,-0.9,0.15,0.04,0.22,-0.33,-0.51,2.13,-0.36,0.03,-0.07,-0.06,-0.28,-0.2,0.18,2.65,0.15,0.54,0.44,0.45,0.22,-0.63,-1.11,0.1,-0.07,-2.05,0.08,0.03,-0.29,0.29,0.14,-0.07,4.06,-0.21,-0.37,-0.19,0.05,0.19,0.41,-0.36,-0.49,0.14,-0.54,0.29,-0.9,0.45,-0.99,1.5,0.63,1.04,0.15,-2.41,-2.43,-2.05,-2.16,-2.15,-2.37,0.44,0.02,0.39,0.28,0.3,0.07,-0.37,-0.11,-0.09,-0.32,0.71,0.69,-0.26,0.01,-0.21,0.13,0.1,0.8,-1.04,-0.6,0.98,0.32,0.36,-0.27,-0.23,0.21,0.38,0.11,0.46,0.22,-0.05,0.35,0.29,-0.31,0,3,5,50,2,9,51,133,95,43,149.5,87.5,87.5,1.5,1,2.5,0.135404,0.347851,0.371963,0.63635,0.202356,0.171221,0.003451,0.003889,0.003124,0.007792,0.002576,0.003075,0.184793,0.624419,0.291987,0.803598,0.143584,0.05612,0.002882,0.022973,0.004327,0.027723,0.002806,0.002453,0.240213,0.362299,0.318533,0.456822,0.211709,0.25738,0.001315,0.002088,0.001286,0.002075,0.000867,0.001191,0.27879,0.510985,0.466887,0.72102,0.345697,0.342813,3.107908,5.689426,2.516611,9.944438,2.160247,2.297341,0.343227,0.531876,0.355662,0.335073,0.271782,0.236477,0.02105,0.049671,0.018244,0.125598,0.017308,0.016655,0.313094,0.445052,0.430662,0.685383,0.381033,0.38883,8.917127,12.511734,3.605551,26.577833,3.50238,5.74698,0.314595,0.172957,0.644338,0.417661,0.5,0.382149,0.00027,0.000255,0.000231,0.00038,0.000253,0.000283,0.357531,0.658887,0.481519,0.826356,0.35801,0.276137,0.002515,0.014869,0.001804,0.0197,0.001409,0.001737,0.127299,-0.001599,0.338729,0.314453,0.173837,0.100619,3.935233,3.671591,2.893671,5.232278,2.810457,2.559514,0.702293,0.761634,0,0.811764,0.728218,0.710818,0.016066,0.019875,0,0.018764,0.017089,0.016444,0.302876,0.541767,0.355662,0.407149,0.321525,0.22013,0.072839,0.108239,0.036258,0.144138,0.07312,0.068365,0.343561,0.624932,0.355662,0.717572,0.250592,0.159854,0.216218,0.448376,0.072053,0.413063,0.146079,0.153039,0.343648,0.344435,0.52554,0.584976,0.5,0.424134,0.783489,0.972263,0.522047,1.686741,0.366606,0.468662,0.418854,0.249659,0.644338,0.157322,0.693107,0.550576,8.626387,9.620208,3.925982,14.609215,2.848157,5.272571,0.445088,0.710292,0.414302,0.884592,0.256668,0.278057,0.031869,0.089063,0.013614,0.090139,0.012329,0.014769,0.294453,0.229206,0.53595,0.172858,0.424255,0.359982,0.014352,0.02268,0.004636,0.029351,0.003521,0.009523,0.282098,0.316724,0.216527,0.152347,0.083875,0.06741,0.016827,0.10867,0.010583,0.115237,0.012817,0.012329,0.63979,0.694423,0.47074,0.693667,0.699381,0.747094,0.013234,0.011316,0.003418,0.024753,0.012037,0.012051,0.31209,0.306841,0.523729,0.265068,0.485144,0.376648,0.317084,0.253462,0.140475,0.281553,0.11219,0.225191
0.15,0.06,-0.06,0.06,0,0.08,1.36,0.98,0.8,-0.38,-1.63,-0.97,-0.23,-1.54,-0.69,-0.18,-0.31,-0.56,1.8,-0.48,0.03,-0.29,-0.21,-0.48,0.75,0.06,1.26,0.66,1.42,0.08,0.95,1.48,1.34,1.09,3.49,1.17,1.68,1.36,1.44,1.17,0.83,1.34,0.6,0.75,-0.58,0.28,0.81,0.67,0.42,2.81,0.5,1.01,0.7,0.77,0.5,0.28,0,0.68,0.8,-0.15,-1.31,-0.46,0.06,-0.08,-0.32,2.04,-0.25,0.26,-0.05,0.02,-0.24,1.03,1.18,0.87,1.39,1.25,1,3.4,1.08,1.6,1.28,1.35,1.09,1.11,-0.14,0.27,0.31,0.52,0.38,0.14,2.51,0.21,0.72,0.41,0.48,0.22,-0.72,-0.21,-0.14,-0.38,1.98,-0.3,0.2,-0.11,-0.04,-0.3,0.28,-0.17,-0.43,0.28,0.16,0.34,-0.07,-0.25,2.12,-0.17,0.34,0.02,0.1,-0.17,-0.03,0.18,2.37,0.08,0.59,0.27,0.35,0.08,-0.36,-0.74,0.06,0.15,-2.09,0.08,0.05,-0.61,0.62,0.31,-0.07,4.22,-0.25,-0.62,-0.3,0.11,0.23,0.76,-0.76,-0.79,0.28,-0.92,0.53,-0.73,0.35,-0.22,1.13,0.07,0.22,0.23,-2.15,-2.24,-1.74,-2.05,-1.98,-2.24,0.79,0.1,0.51,0.19,0.27,0,-0.41,-0.31,-0.24,-0.5,0.79,0.8,-0.1,0.07,-0.19,0.15,0.23,0.87,-1.45,-0.25,1.42,0.4,0.47,-0.17,-0.26,0.35,0.51,0.18,0.49,0.36,0.09,0.65,0.52,-0.07,0,1,1,162,1,4,19,31,35,54,325,100,100,3,1,1,0.375783,0.539936,0.787188,0.729843,0.549324,0.489491,0.003489,0.003756,0.001973,0.007668,0.002365,0.002115,0.278399,0.630478,0.603695,0.807795,0.366804,0.308252,0.002256,0.021555,0.001286,0.027954,0.002878,0.002376,0.446478,0.512072,0.772772,0.593265,0.580687,0.601163,0.001246,0.002071,0.000611,0.00201,0.000826,0.000769,0.824047,0.798594,0.782138,0.880111,0.871417,0.986864,3.21455,5.47706,4.725816,9.975146,3.141125,2.738613,-0.081101,0.237611,0.227528,0.222155,0.04454,-0.082,0.030287,0.050942,0.047834,0.124845,0.034324,0.031367,0.802377,0.76382,0.787348,0.832439,0.945974,1.064342,8.681223,12.240051,10.440307,26.38329,7.007139,6.300353,0.344192,0.199217,0.644338,0.40018,0.602062,0.416667,0.000267,0.000263,0.000231,0.000355,0.000163,0.000267,0.398964,0.663334,0.737289,0.826682,0.585028,0.5,0.001732,0.014056,0.001405,0.019852,0.001372,0.001371,0.729471,0.619677,0.788462,0.745707,0.822354,0.899114,3.776803,3.690489,5.2,5.09584,3.619208,3.006659,0.260643,0.369183,0.211325,0.396079,0.271782,0.289182,0.016294,0.019875,0.018013,0.018764,0.017089,0.016444,0.302876,0.535882,0.355662,0.413221,0.338626,0.276171,0.072839,0.107877,0.036258,0.142964,0.03243,0.069944,0.223541,0.541913,0.249867,0.636796,0.142313,0.110953,0.226134,0.434433,0.125,0.413892,0.13112,0.187467,0.484614,0.417173,0.721248,0.625182,0.667695,0.716068,0.649923,0.950775,0.467047,1.569377,0.387608,0.308545,0.668298,0.479978,0.758295,0.309647,0.925749,1.026997,8.51665,9.364735,7.614022,14.479663,5.089073,4.617359,0.702293,0.766314,0.784703,0.936555,0.750512,0.827397,0.014418,0.088398,0.018148,0.092533,0.013971,0.012387,0.43828,0.319713,0.757663,0.224577,0.790484,0.749233,0.013637,0.021355,0.00621,0.028955,0.004246,0.003923,0.665793,0.397318,0.737289,0.224324,0.676777,0.615484,0.015582,0.10104,0.014048,0.116607,0.011314,0.012508,0.616938,0.657058,0.291987,0.675614,0.606894,0.709064,0.013041,0.011355,0.002884,0.022279,0.009511,0.012171,0.407962,0.404516,0.728748,0.360847,0.741459,0.584287,0.316898,0.253097,0.131149,0.279968,0.103537,0.131825
0.39,0.09,-0.06,0.08,0,0.12,1.45,0.98,0.82,-0.34,-1.62,-0.93,-0.21,-1.54,-0.72,-0.18,-0.26,-0.51,1.9,-0.43,0.08,-0.21,-0.17,-0.43,0.76,0.07,1.31,0.71,1.44,0.08,0.92,1.47,1.38,1.13,3.58,1.21,1.73,1.44,1.48,1.21,0.84,1.34,0.6,0.72,-0.62,0.21,0.75,0.67,0.42,2.85,0.5,1.01,0.73,0.77,0.5,0.28,-0.04,0.68,0.86,-0.12,-1.33,-0.51,0.03,-0.05,-0.3,2.12,-0.22,0.29,0,0.04,-0.22,1.08,1.22,0.83,1.38,1.3,1.05,3.49,1.13,1.64,1.35,1.4,1.13,1.2,-0.23,0.31,0.39,0.54,0.46,0.21,2.64,0.29,0.8,0.51,0.56,0.29,-0.54,-0.16,-0.08,-0.33,2.08,-0.25,0.26,-0.03,0.01,-0.25,0.28,-0.12,-0.58,0.28,0.17,0.37,-0.07,-0.25,2.17,-0.17,0.34,0.06,0.1,-0.17,-0.07,0.17,2.42,0.08,0.59,0.3,0.34,0.08,-0.4,-0.79,0.13,0.18,-1.51,0.07,0.03,-0.64,0.69,0.35,0.06,4.44,-0.27,-0.57,-0.28,0.23,0.24,0.8,-0.76,-0.83,0.28,-1.07,0.55,-1,0.52,-0.24,0.44,0.1,0.27,0.29,-2.19,-2.29,-1.79,-2.07,-2.03,-2.28,0.82,0.1,0.51,0.23,0.27,0,-0.41,-0.28,-0.24,-0.5,0.81,0.82,-0.13,0.04,-0.22,0.29,0.24,0.94,-1.66,-0.35,1.64,0.45,0.5,-0.17,-0.26,0.39,0.52,0.15,0.47,0.39,0.09,0.84,0.46,-0.06,0,7,3,55,2,13,29,76,83,57,626.5,87.5,87.5,1,1,5,0.349002,0.474877,0.580064,0.695606,0.492699,0.406341,0.003091,0.003649,0.001665,0.007477,0.002283,0.002135,0.463049,0.633646,0.740247,0.808321,0.505791,0.471828,0.002255,0.01986,0.001804,0.028143,0.002878,0.002366,0.318835,0.428014,0.445446,0.482637,0.363514,0.3151,0.00115,0.002026,0.000611,0.00192,0.000855,0.000721,0.845134,0.782867,0.644338,0.866339,0.762123,0.864784,3.078518,5.155551,4.041452,9.895195,3.656045,3.045944,0.662504,0.698918,0.718814,0.41848,0.729187,0.667197,0.028256,0.050942,0.047834,0.121263,0.034324,0.031367,0.88877,0.80358,0.677703,0.847983,0.840566,0.958356,8.681223,11.872206,10.785793,26.132742,8.931219,7.939004,0.372058,0.216255,0,0.391747,0.602062,0.453775,0.000261,0.00025,0,0.000346,0.000163,0.00024,0.696089,0.684546,0.768055,0.836441,0.803049,0.798801,0.0017,0.013005,0.001617,0.020001,0.001705,0.001525,0.737162,0.560926,0.624271,0.70129,0.720371,0.762998,3.197537,3.693002,5.096404,4.802363,3.932768,3.168596,0.260643,0.369183,0.355662,0.403245,0.271782,0.333333,0.016294,0.019875,0.018013,0.018475,0.017089,0.0156,0.702293,0.799038,0.788675,0.639247,0.947847,0.72367,0.064428,0.111078,0.072284,0.140353,0.052399,0.069944,0.611395,0.737872,0.772735,0.848004,0.857687,0.639615,0.163907,0.427085,0.191028,0.422876,0.13112,0.174288,0.52758,0.396783,0.614708,0.611704,0.599607,0.660843,0.453231,0.928461,0.174356,1.423026,0.384846,0.31777,0.839691,0.578268,0.705861,0.371963,0.85121,0.968298,7.114305,9.050134,5.991105,14.351366,6.643694,5.813012,0.815569,0.771879,0.703069,0.938157,0.796735,0.881387,0.015712,0.087508,0.019698,0.094786,0.017131,0.015004,0.603767,0.411199,0.747437,0.268972,0.881981,0.955803,0.011484,0.019801,0.006601,0.028189,0.006327,0.005192,0.56546,0.403963,0.610056,0.226706,0.633156,0.5,0.011457,0.092846,0.015144,0.118005,0.010013,0.011314,0.809777,0.846054,0.785162,0.796582,0.824948,0.812294,0.012805,0.011788,0.005143,0.019493,0.006668,0.01352,0.609484,0.574293,0.770159,0.522716,0.87792,0.82969,0.251179,0.25238,0.141892,0.279718,0.147739,0.151658
0.49,0.06,-0.06,0.08,0,0.13,1.45,0.98,0.78,-0.38,-1.65,-0.97,-0.19,-1.6,-0.77,-0.23,-0.32,-0.55,2.14,-0.41,0.07,-0.29,-0.28,-0.5,0.72,0.03,1.29,0.69,1.48,0.05,0.9,1.45,1.35,1.12,3.85,1.26,1.75,1.39,1.39,1.17,0.78,1.34,0.6,0.79,-0.63,0.21,0.75,0.66,0.43,3.14,0.57,1.06,0.7,0.7,0.48,0.28,-0.07,0.68,0.78,-0.19,-1.41,-0.58,-0.04,-0.13,-0.36,2.33,-0.22,0.27,-0.09,-0.09,-0.31,1.08,1.24,0.85,1.4,1.3,1.07,3.8,1.21,1.7,1.34,1.34,1.12,1.17,-0.19,0.27,0.39,0.54,0.45,0.22,2.93,0.36,0.85,0.48,0.49,0.27,-0.58,-0.16,-0.1,-0.33,2.37,-0.18,0.3,-0.06,-0.05,-0.27,0.28,-0.12,-0.58,0.28,0.16,0.36,-0.06,-0.23,2.47,-0.08,0.4,0.04,0.04,-0.18,-0.03,0.17,2.7,0.15,0.63,0.27,0.27,0.05,-0.41,-0.85,0.14,0.18,-1.66,0.07,0.06,-0.7,0.71,0.36,0.06,4.4,-0.19,-0.59,-0.31,0.26,0.27,0.8,-0.76,-0.83,0.28,-1,0.55,-0.9,0.46,-0.24,0.87,0.1,0.18,0.21,-2.47,-2.49,-2.02,-2.37,-2.37,-2.58,0.79,0.02,0.48,0.12,0.13,-0.09,-0.46,-0.36,-0.36,-0.57,0.81,0.8,-0.1,0,-0.21,0.28,0.23,0.92,-1.66,-0.33,1.63,0.41,0.45,-0.1,-0.22,0.33,0.52,0.21,0.47,0.39,0.12,0.8,0.18,-0.05,0.4,5,0,0,0,0,0,0,0,0,0,0,0,0,0,0,0.413188,0.49061,0.5,0.700627,0.57151,0.478325,0.002688,0.00355,0.0004,0.00731,0.002098,0.00205,0.126222,0.569983,0.241273,0.765001,0.280489,0.186328,0.002497,0.017742,0.001804,0.028192,0.003113,0.002621,0.19613,0.345195,0.25,0.372034,0.233688,0.146447,0.001124,0.001965,0.0008,0.001889,0.001001,0.000849,0.763926,0.723562,0.211325,0.826966,0.663013,0.727128,3.078518,4.659415,0.57735,9.907999,3.834058,3.179797,0.662504,0.698918,0.644338,0.426849,0.678739,0.667197,0.028256,0.050942,0.054271,0.117337,0.036646,0.031367,0.911117,0.821337,0.731793,0.85131,0.775272,0.877193,9.222831,11.637567,2.516611,26.255893,10.595597,9.5,0.39945,0.238366,0,0.38275,0.602062,0.5,0.000249,0.000255,0,0.000338,0.000163,0.0002,0.605782,0.654796,0.533113,0.812526,0.671163,0.694908,0.001576,0.01187,0.001007,0.020112,0.001753,0.001425,0.789139,0.585555,0.5,0.713343,0.70522,0.751586,3.05505,3.701312,0.4,4.716585,4.223111,3.400654,0.739357,0.741537,0.788675,0.811764,0.661374,0.763523,0.016294,0.020183,0.018013,0.018764,0.016112,0.016444,0.460162,0.646516,0.500532,0.533086,0.602648,0.526959,0.064428,0.111336,0.0626,0.138842,0.051145,0.065944,0.595271,0.721366,0.644338,0.832711,0.775271,0.675206,0.164268,0.405982,0.216622,0.430573,0.151427,0.158671,0.471168,0.343687,0.216527,0.5738,0.517862,0.531435,0.40464,0.9063,0.10583,1.301384,0.373238,0.318119,0.861587,0.599611,0.668934,0.386422,0.75626,0.859775,7.006144,8.826032,1.973153,14.105617,7.609468,6.887025,1.154715,0.889289,0.785615,1.039123,0.949733,1.085546,0.026347,0.088516,0.034429,0.099158,0.035206,0.028369,0.538511,0.355487,0.385292,0.214638,0.627578,0.682802,0.008439,0.018193,0.003487,0.02791,0.006532,0.005227,-0.001228,0.330884,0.212812,0.17347,0.125366,0.033521,0.013799,0.083769,0.019732,0.12014,0.014236,0.01453,0.642216,0.63242,0.355662,0.678045,0.344139,0.593697,0.012188,0.011831,0.005543,0.01651,0.00417,0.011384,0.756641,0.639069,0.712766,0.597482,0.823936,0.918193,0.209436,0.248678,0.133167,0.277828,0.187794,0.163401
0.21,0.12,-0.06,0.08,-0.03,0.11,1.45,0.94,0.75,-0.38,-1.58,-0.97,-0.13,-1.52,-0.75,-0.17,-0.35,-0.56,1.99,-0.46,0.03,-0.33,-0.21,-0.5,0.63,-0.03,1.22,0.62,1.47,0.07,0.84,1.44,1.26,1.04,3.64,1.15,1.64,1.27,1.39,1.1,0.78,1.34,0.6,0.85,-0.55,0.22,0.81,0.63,0.42,3,0.52,1.01,0.65,0.77,0.48,0.28,-0.08,0.6,0.74,-0.25,-1.38,-0.62,-0.04,-0.21,-0.42,2.13,-0.32,0.16,-0.2,-0.08,-0.37,1.09,1.15,0.77,1.37,1.19,0.97,3.56,1.08,1.57,1.2,1.32,1.03,1.11,-0.2,0.28,0.37,0.59,0.41,0.2,2.77,0.3,0.79,0.42,0.54,0.26,-0.86,-0.21,-0.18,-0.39,2.17,-0.29,0.2,-0.17,-0.04,-0.33,0.28,-0.18,-0.43,0.27,0.17,0.35,-0.04,-0.21,2.35,-0.11,0.38,0.01,0.13,-0.15,-0.02,0.18,2.57,0.1,0.59,0.22,0.35,0.06,-0.41,-0.79,0.13,0.24,-2.36,0.08,0.07,-0.67,0.65,0.33,0.06,4.41,-0.19,-0.56,-0.3,0.12,0.23,0.78,-0.81,-0.79,0.26,-1,0.53,-1.04,0.51,-0.18,1.25,0,0.16,0.27,-2.33,-2.4,-1.93,-2.28,-2.16,-2.44,0.77,0.07,0.49,0.12,0.24,-0.04,-0.41,-0.36,-0.24,-0.53,0.78,0.78,-0.05,0.12,-0.17,0.26,0.24,0.85,-1.41,-0.25,1.31,0.4,0.49,-0.17,-0.29,0.34,0.48,0.18,0.44,0.42,0.12,0.85,0.31,0,0,2,0,0,0,0,0,0,0,0,0,0,0,0,0,0,0.078262,0.234447,0.212812,0.569306,0.220492,0.147595,0.002154,0.00353,0.001973,0.007094,0.001789,0.002207,0.154605,0.541972,0.333562,0.7508,0.244076,0.223473,0.002557,0.01499,0.002203,0.028168,0.001628,0.002813,-0.107538,0.124847,0.22265,0.114166,0.039564,-0.028699,0.00118,0.001977,0.001442,0.001911,0.001231,0.001303,0.682718,0.654285,0.25,0.789855,0.575392,0.615484,3.078518,4.388514,1,9.864845,3.868678,3.126944,0.638583,0.711677,0,0.436229,0.637859,0.667197,0.028382,0.049407,0,0.11163,0.037961,0.031367,0.80787,0.739334,0.281782,0.810438,0.647604,0.73787,9.609024,11.142034,1.527525,26.088833,10.726913,9.692494,0.094899,-0.051852,0.211325,0.086538,0.177251,0.059041,0.000267,0.000287,0.000231,0.000338,0.000207,0.000176,0.256103,0.586999,0.219776,0.77112,0.376915,0.312343,0.001401,0.010106,0.001665,0.020125,0.00176,0.00148,0.808704,0.642744,0.772772,0.745571,0.69356,0.748471,3.293336,3.677901,0.61101,4.682971,4.563624,3.622154,0.739357,0.73021,0.644338,0.811764,0.661374,0.710818,0.016294,0.018353,0.018013,0.018764,0.016112,0.016444,0.702293,0.767677,0.644338,0.658381,0.77921,0.866206,0.064428,0.114348,0.036027,0.13367,0.055991,0.052187,0.595271,0.704611,0.5,0.820863,0.697669,0.723654,0.164268,0.388318,0.000008,0.438355,0.158177,0.139799,0.665243,0.377352,0.644338,0.595917,0.653078,0.628111,0.277369,0.883288,0.092376,1.227188,0.348406,0.320902,0.711549,0.476608,0.21214,0.309692,0.560985,0.646285,6.657236,8.549803,2.663331,13.815307,7.378889,6.760013,0.902372,0.814711,0.554554,0.96431,0.731595,0.825591,0.029927,0.086654,0.027495,0.102325,0.039221,0.032249,0.388404,0.282323,0.25,0.168909,0.424208,0.414976,0.00463,0.015505,0.0056,0.028139,0.006597,0.005227,0.374767,0.406971,0.541239,0.226145,0.5,0.415713,0.013974,0.070318,0.016166,0.121567,0.013856,0.013182,0.639523,0.630659,0.355662,0.680055,0.32394,0.546724,0.012244,0.011863,0.005543,0.014359,0.003976,0.008799,0.584086,0.42557,0.235094,0.424537,0.548592,0.60817,0.153613,0.240718,0.100664,0.273313,0.188644,0.164351
0.15,0.09,-0.06,0.08,-0.03,0.09,1.45,0.85,0.71,-0.43,-1.55,-1.02,-0.01,-1.53,-0.72,-0.22,-0.38,-0.58,2.09,-0.46,-0.07,-0.4,-0.3,-0.5,0.51,-0.04,1.14,0.54,1.56,0.02,0.85,1.36,1.19,0.98,3.7,1.12,1.51,1.17,1.28,1.07,0.78,1.34,0.6,1.02,-0.52,0.31,0.81,0.64,0.44,3.14,0.57,0.97,0.63,0.73,0.53,0.28,-0.08,0.6,0.68,-0.42,-1.52,-0.7,-0.2,-0.37,-0.57,2.1,-0.44,-0.05,-0.38,-0.28,-0.49,1.06,1.12,0.83,1.34,1.17,0.97,3.68,1.1,1.49,1.15,1.26,1.05,1.11,-0.11,0.23,0.29,0.5,0.33,0.13,2.82,0.26,0.65,0.32,0.42,0.22,-0.92,-0.21,-0.17,-0.37,2.31,-0.24,0.15,-0.18,-0.08,-0.28,0.28,-0.17,-0.43,0.26,0.16,0.34,-0.05,-0.2,2.48,-0.07,0.32,-0.01,0.09,-0.12,0.05,0.15,2.69,0.13,0.52,0.19,0.29,0.08,-0.41,-0.79,0.12,0.26,-2.36,0.08,0.04,-0.61,0.62,0.33,0.07,4.37,-0.09,-0.55,-0.27,0.09,0.23,0.77,-0.72,-0.79,0.24,-1,0.49,-0.89,0.45,-0.16,1.06,0.03,0.16,0.2,-2.47,-2.49,-2.11,-2.44,-2.34,-2.54,0.73,0.02,0.39,0.06,0.16,-0.05,-0.37,-0.33,-0.23,-0.44,0.73,0.74,-0.03,0.1,-0.1,0.26,0.23,0.79,-1.49,-0.26,1.53,0.35,0.4,-0.14,-0.21,0.27,0.45,0.18,0.4,0.42,0.07,0.78,0.16,0.07,-0.6,5,0,0,0,0,0,0,0,0,0,0,0,0,0,0,0.096304,0.16696,0.315114,0.533385,0.183134,0.16408,0.002498,0.003453,0.002344,0.006927,0.002051,0.002448,0.331244,0.544472,0.780224,0.754163,0.52176,0.390128,0.002617,0.011149,0.000833,0.028205,0.001532,0.002832,0.191642,0.29364,0.533113,0.273021,0.341886,0.259437,0.00127,0.001898,0.001007,0.001918,0.001265,0.001386,0.651075,0.641438,0.355662,0.777961,0.5,0.589601,2.895922,3.829708,0.57735,9.874725,2.607681,3.100179,0.638583,0.711677,0,0.44468,0.637859,0.667197,0.028382,0.049407,0,0.10812,0.037961,0.031367,0.694264,0.657769,0.25,0.770335,0.51046,0.621757,9.222831,10.167795,3,26.028617,7.966597,9.125666,0.157222,0.019348,0.355662,0.086538,0.177251,0.166667,0.000267,0.000312,0.000231,0.000338,0.000207,0.0002,0.230986,0.555339,0.32391,0.755316,0.250206,0.279693,0.001487,0.00768,0.001514,0.020106,0.001468,0.001563,0.735548,0.623414,0.5,0.715255,0.612217,0.688327,3.290206,3.612498,0.4,4.694036,3.71304,3.775947,0.297707,0.305207,0.211325,0.403245,0.271782,0.236477,0.016066,0.018353,0.018013,0.018475,0.017089,0.016444,0.479675,0.620105,0.355662,0.547145,0.500595,0.56728,0.062321,0.114101,0.036027,0.131951,0.055991,0.052187,0.432137,0.607931,0.211325,0.740076,0.499789,0.526134,0.153864,0.349644,0.072284,0.441934,0.158177,0.131798,0.550979,0.332302,0.419936,0.562469,0.431928,0.510803,0.277893,0.85968,0.083267,1.177245,0.12242,0.308545,0.718815,0.527662,0.419936,0.339399,0.526922,0.648934,6.360008,8.13388,2.497999,13.465069,4.333436,6.415952,0.781043,0.773061,0.287234,0.920876,0.620691,0.712696,0.031431,0.083086,0.013317,0.104816,0.033833,0.033433,0.483715,0.31652,0.430662,0.191024,0.397645,0.489364,0.004606,0.013376,0.002884,0.028522,0.004722,0.005223,0.093038,0.336723,0.355662,0.197374,0.246815,0.142857,0.015767,0.0541,0.011547,0.123502,0.015799,0.014,0.460726,0.467588,0.211325,0.527241,0.119307,0.179377,0.011882,0.011827,0.004619,0.012925,0.005604,0.00603,0.510902,0.380661,0.318533,0.395161,0.403903,0.517964,0.152872,0.239164,0.128582,0.269262,0.130077,0.154632
0.55,0.09,-0.02,0.07,0.07,0.15,1.5,0.91,0.8,-0.43,-1.63,-1.12,-0.06,-1.65,-0.79,-0.28,-0.5,-0.61,2.05,-0.65,-0.02,-0.45,-0.4,-0.57,0.59,0.14,1.22,0.52,1.59,-0.02,0.86,1.38,1.15,1.04,3.74,1,1.64,1.2,1.26,1.08,0.78,1.34,0.7,1.07,-0.54,0.33,0.85,0.62,0.52,3.2,0.48,1.11,0.68,0.73,0.56,0.28,0,0.6,0.74,-0.37,-1.58,-0.73,-0.21,-0.44,-0.54,2.11,-0.58,0.04,-0.38,-0.33,-0.5,1.09,1.24,0.87,1.4,1.16,1.06,3.76,1.02,1.66,1.22,1.27,1.1,1.2,0.04,0,0.36,0.52,0.29,0.19,2.86,0.14,0.78,0.34,0.4,0.22,-0.66,-0.16,-0.23,-0.33,2.33,-0.37,0.26,-0.17,-0.12,-0.29,0.27,-0.14,-0.5,0.32,0.22,0.41,0.07,-0.1,2.56,-0.14,0.49,0.06,0.11,-0.06,0.07,0.18,2.67,-0.04,0.59,0.16,0.21,0.04,-0.32,-0.7,0.14,0.35,-2.35,0.08,0.01,-0.73,0.75,0.39,0.14,4.56,-0.46,-0.62,-0.35,0.29,0.27,0.92,-0.94,-0.89,0.31,-1.15,0.6,-0.81,0.4,0.16,0.94,-0.2,-0.18,0.59,-2.43,-2.64,-2.02,-2.44,-2.39,-2.56,0.91,0.22,0.63,0.2,0.25,0.08,-0.41,-0.43,-0.38,-0.55,0.79,0.83,0.02,0.05,-0.12,0.27,0.3,0.84,-1.74,-0.2,1.64,0.43,0.5,-0.03,-0.17,0.32,0.52,0.22,0.46,0.5,0.14,0.91,0.38,0.2,0,4,0,0,0,0,0,0,0,0,0,0,0,0,0,0,0.365639,0.322887,0.772772,0.612096,0.458306,0.445292,0.002419,0.003294,0.001222,0.006746,0.001999,0.002234,0.395145,0.515532,0.688982,0.747224,0.546107,0.454674,0.002543,0.004024,0.001058,0.028154,0.001446,0.002696,0.58529,0.581547,0.768055,0.529475,0.696875,0.620281,0.00127,0.001737,0.001617,0.001908,0.001354,0.001386,0.893182,0.917285,0.788675,0.86244,0.912113,0.821769,3.232177,3.270144,2.309401,9.94417,1.516575,3.53946,0.161501,0.400746,0.211325,0.306323,0.28002,0.220251,0.030896,0.049536,0.036258,0.103533,0.04167,0.034277,0.836613,0.858243,0.768055,0.83342,0.859781,0.769292,9.902556,8.868504,4.041452,25.962022,3.011091,9.799376,0.19835,0.05338,0.5,0.086538,0.271782,0.236477,0.000249,0.000308,0,0.000338,0.000219,0.000211,0.530911,0.608984,0.780224,0.764062,0.487853,0.551162,0.001348,0.004435,0.000833,0.020071,0.001372,0.00152,0.91937,0.877232,0.787483,0.907848,0.996198,0.844971,3.874861,3.755421,2.203028,4.750543,1.746616,4.412608,0.297707,0.255264,0.355662,0.4105,0.338626,0.236477,0.016066,0.015936,0.018013,0.018156,0.016112,0.016444,0.088964,0.336548,0.227153,0.318114,0.108009,0.083667,0.069722,0.111628,0.095536,0.128938,0.073131,0.062583,0.109045,0.380276,0.227265,0.597036,0.188649,0.159733,0.159929,0.282943,0.191028,0.442599,0.18409,0.153148,0.981674,0.517936,0.784703,0.701145,0.987083,0.913322,0.349476,0.836307,0.362951,1.11549,0.260051,0.384419,0.788184,0.648183,0.77845,0.407045,0.706709,0.719247,6.737592,7.620092,2.274496,13.021551,2.096346,6.588205,0.901735,0.83825,0.77735,0.959047,0.761713,0.822632,0.034434,0.079207,0.014422,0.108014,0.027384,0.037883,1.191718,0.88829,0.788332,0.43263,0.976133,1.078329,0.009144,0.01189,0.016416,0.028512,0.010746,0.01049,0.161031,0.204339,0.355662,0.209144,0.283135,0.218824,0.016226,0.020293,0.011547,0.125277,0.016908,0.014621,0.751744,0.774402,0.745501,0.821728,0.729462,0.765441,0.010394,0.012117,0.007604,0.01207,0.006246,0.005232,0.876824,0.617456,0.785162,0.620558,0.774284,0.812568,0.160331,0.234131,0.128582,0.267851,0.118491,0.168852
0.19,0.09,-0.02,0.06,0.04,0.13,1.5,0.87,0.73,-0.67,-1.87,-1.36,-0.22,-1.8,-1.05,-0.47,-0.73,-0.84,1.8,-0.77,-0.31,-0.65,-0.57,-0.79,0.46,0,1.22,0.52,1.68,0.07,0.83,1.43,1.16,1.04,3.73,1.12,1.59,1.24,1.32,1.1,0.78,1.41,0.7,1.15,-0.45,0.31,0.9,0.64,0.52,3.2,0.6,1.07,0.71,0.8,0.58,0.28,-0.06,0.68,0.68,-0.45,-1.58,-0.83,-0.25,-0.51,-0.62,2.02,-0.55,-0.09,-0.43,-0.35,-0.57,1.06,1.15,0.76,1.36,1.09,0.97,3.66,1.05,1.52,1.17,1.25,1.03,1.2,0.05,0.04,0.39,0.59,0.33,0.21,2.88,0.29,0.75,0.4,0.49,0.27,-0.72,-0.2,-0.26,-0.38,2.28,-0.3,0.16,-0.19,-0.1,-0.32,0.26,-0.17,-0.43,0.3,0.19,0.36,0.06,-0.11,2.54,-0.04,0.43,0.08,0.16,-0.06,0.03,0.18,2.66,0.08,0.54,0.19,0.28,0.06,-0.36,-0.74,0.13,0.32,-2.09,0.08,0.03,-0.64,0.69,0.36,0.06,4.44,-0.25,-0.67,-0.3,0.12,0.31,0.87,-0.85,-0.79,0.29,-1.07,0.57,-0.86,0.44,0.11,1.12,-0.13,-0.11,0.25,-2.42,-2.52,-2.06,-2.41,-2.32,-2.54,0.86,0.1,0.46,0.11,0.2,-0.02,-0.37,-0.35,-0.26,-0.48,0.76,0.76,-0.02,0.09,-0.13,0.34,0.27,0.8,-1.66,-0.15,1.53,0.37,0.42,-0.1,-0.22,0.32,0.45,0.23,0.49,0.5,0.12,0.78,0.31,0.22,0,1,4,97.5,2,11,40.5,106,89,57.5,857.5,37,37,2,1,2,0.041825,0.044123,0.257909,0.438533,0.135002,0.062335,0.00271,0.003565,0.002203,0.006508,0.002466,0.002234,0.382403,0.460129,0.355662,0.733774,0.5,0.48281,0.00248,0.003449,0.000231,0.02801,0.001409,0.001293,0.30621,0.347805,0.405509,0.318109,0.456612,0.370517,0.001247,0.001725,0.001058,0.001901,0.001152,0.001116,0.701576,0.744255,0.5,0.801492,0.582423,0.647167,3.203928,3.326442,2,9.795041,1.516575,3.586239,0.216791,0.364729,0.355662,0.310883,0.177251,0.261627,0.032308,0.043555,0.036258,0.096556,0.03243,0.036591,0.699171,0.732747,0.5,0.785301,0.484648,0.629293,9.623204,9.040569,4,25.448286,2.71416,9.453101,-0.056215,-0.127192,0.211325,-0.209673,0.112543,0.028595,0.00027,0.000359,0.000231,0.000338,0.000301,0.000283,0.161498,0.447595,0.281782,0.724669,0.196951,0.229167,0.001477,0.003975,0.001222,0.0199,0.001705,0.0016,0.823996,0.825518,0.621046,0.87478,0.792569,0.75671,4.141,3.90403,2.203028,4.67496,2.107763,4.717815,0.739357,0.725125,0.788675,0.840099,0.728218,0.710819,0.016294,0.01588,0.018013,0.018156,0.017089,0.016444,0.125291,0.326699,0.355662,0.32485,0.194948,0.156092,0.062582,0.109034,0.072284,0.12274,0.08545,0.070723,0.161466,0.380276,0.355662,0.6008,0.188649,0.208324,0.153923,0.282943,0.144338,0.438986,0.18409,0.166738,0.640918,0.399211,0.451672,0.593873,0.551031,0.631036,0.348903,0.822677,0.344867,1.056396,0.261279,0.381576,0.639247,0.548538,0.355662,0.353552,0.325092,0.565815,6.463323,7.554248,1.847521,12.675164,2.096346,6.246421,0.71768,0.757752,0.430662,0.892077,0.512263,0.651846,0.035029,0.075492,0.014422,0.110071,0.020386,0.037684,0.883965,0.722592,0.572481,0.371772,0.71573,0.807601,0.010353,0.012018,0.014257,0.028481,0.011666,0.01174,0.261626,0.260338,0.788675,0.228484,0.401563,0.330689,0.015382,0.017907,0.002309,0.126527,0.013545,0.014438,0.648959,0.691041,0.591514,0.74534,0.574404,0.586038,0.008336,0.01193,0.008013,0.011973,0.006272,0.005166,0.533784,0.390034,0.374843,0.420319,0.281444,0.48352,0.160331,0.234922,0.133167,0.26669,0.110574,0.168556
0.33,0.17,-0.02,0.07,0.04,0.16,1.5,0.96,0.82,-0.62,-1.95,-1.31,-0.17,-1.87,-1.18,-0.45,-0.72,-0.77,1.89,-0.79,-0.21,-0.69,-0.66,-0.76,0.51,0.06,1.35,0.65,1.82,0.08,0.79,1.53,1.25,1.2,3.92,1.18,1.77,1.29,1.32,1.21,0.87,1.41,0.7,1.16,-0.56,0.14,0.87,0.6,0.55,3.24,0.53,1.11,0.63,0.66,0.56,0.28,0,0.71,0.74,-0.46,-1.7,-1.01,-0.29,-0.55,-0.61,2.06,-0.63,-0.05,-0.52,-0.49,-0.6,1.09,1.27,0.7,1.44,1.17,1.11,3.83,1.1,1.68,1.2,1.23,1.13,1.2,0.26,-0.2,0.56,0.74,0.46,0.41,3.11,0.39,0.98,0.5,0.53,0.42,-0.61,-0.17,-0.27,-0.32,2.35,-0.34,0.24,-0.24,-0.21,-0.31,0.27,-0.12,-0.36,0.34,0.25,0.42,0.1,-0.05,2.63,-0.07,0.51,0.03,0.06,-0.04,0.12,0.15,2.68,-0.02,0.56,0.09,0.12,0.01,-0.2,-0.59,0.11,0.36,-1.74,0.1,0.03,-0.76,0.78,0.41,0.06,4.63,-0.37,-0.71,-0.35,0.2,0.3,1,-0.94,-0.99,0.33,-1.15,0.66,-0.78,0.4,0.25,0.56,-0.23,-0.27,0.43,-2.47,-2.63,-2.07,-2.53,-2.5,-2.6,0.98,0.17,0.58,0.1,0.14,0.03,-0.41,-0.48,-0.44,-0.55,0.85,0.85,0.06,0.03,-0.08,0.34,0.3,0.87,-1.82,-0.1,1.86,0.44,0.45,0.03,-0.11,0.35,0.55,0.27,0.47,0.5,0.14,0.87,0.38,0.29,0.5,2,5,137,2,9,52,132,95,71,91,100,100,1,1,4,0.268302,0.197319,0.484869,0.506288,0.394662,0.308109,0.002697,0.003648,0.002203,0.006295,0.002215,0.002316,0.587905,0.588542,0.783473,0.741453,0.905099,0.825029,0.002465,0.002824,0.001058,0.027878,0.001275,0.001402,0.405895,0.396188,0.419936,0.370704,0.578931,0.479638,0.00124,0.001686,0.000833,0.001901,0.001056,0.001091,0.853604,0.918806,0.718218,0.86332,0.857548,0.829926,3.476109,3.556735,1.527525,9.762403,2.097618,2.862594,0.260645,0.310166,0,0.316003,0.271782,0.309301,0.032762,0.036172,0,0.090389,0.034397,0.036591,0.781044,0.844752,0.688982,0.82357,0.798807,0.732518,9.414286,9.427066,2.645751,25.029973,3.34664,7.406829,0.344192,0.181875,0.644338,0.086538,0.5,0.382149,0.000267,0.000367,0.000231,0.000338,0.000253,0.000283,0.5,0.552154,0.603695,0.739743,0.565339,0.5,0.001477,0.003355,0.001286,0.019778,0.001275,0.001386,0.8266,0.876099,0.772772,0.920854,0.795744,0.773909,4.516233,4.076941,0.61101,4.677993,2.310555,4.137632,0.260643,0.255264,0.355662,0.4105,0.271782,0.289182,0.016294,0.015936,0.018013,0.018156,0.017089,0.016444,0.037701,0.136063,0.211325,0.202188,0.177424,0.101918,0.076015,0.098369,0.036027,0.116915,0.096876,0.087196,0.214379,0.366153,0,0.602628,0.278612,0.264282,0.155071,0.272544,0,0.437522,0.188282,0.176859,0.740372,0.474628,0.484869,0.633262,0.680422,0.76029,0.350151,0.788262,0.220303,1.022425,0.277128,0.256125,0.653879,0.596714,0.458761,0.38535,0.508694,0.57001,6.011202,7.410138,1.616581,12.156541,1.916942,3.650266,0.708477,0.7558,0.405509,0.881689,0.462318,0.638458,0.035176,0.070856,0.010583,0.111839,0.011057,0.031698,0.953073,0.890012,0.683102,0.457807,0.784624,0.882982,0.012489,0.01251,0.004915,0.028243,0.014054,0.012649,0.23844,0.22548,0.355662,0.23191,0.375,0.30882,0.014656,0.017455,0.002309,0.1276,0.008,0.01453,0.732321,0.730259,0.614708,0.791449,0.725868,0.710516,0.005919,0.012052,0.001744,0.01213,0.005682,0.005278,0.657717,0.502681,0.484869,0.520667,0.523014,0.590488,0.153228,0.233112,0.110151,0.262097,0.108628,0.122792
-0.09,0.12,0,0.06,0.05,0.12,1.65,0.96,0.77,-0.57,-1.86,-1.07,-0.09,-1.76,-0.98,-0.27,-0.56,-0.7,1.87,-0.69,-0.21,-0.59,-0.47,-0.71,0.51,0.03,1.31,0.8,1.8,0.1,0.89,1.62,1.32,1.18,3.8,1.19,1.68,1.29,1.41,1.17,0.84,1.41,0.5,0.99,-0.7,0.09,0.81,0.51,0.37,2.97,0.38,0.87,0.48,0.6,0.36,0.34,-0.08,0.68,0.74,-0.48,-1.67,-0.89,-0.18,-0.47,-0.61,1.96,-0.6,-0.12,-0.5,-0.38,-0.62,1.08,1.21,0.79,1.52,1.22,1.08,3.7,1.09,1.58,1.19,1.31,1.07,1.26,0.08,0.04,0.41,0.72,0.42,0.29,2.88,0.29,0.78,0.39,0.51,0.27,-0.68,-0.31,-0.29,-0.43,2.14,-0.43,0.06,-0.32,-0.2,-0.45,0.25,-0.28,-0.43,0.29,0.2,0.38,-0.01,-0.14,2.45,-0.13,0.35,-0.03,0.09,-0.15,0.08,0.13,2.59,0,0.49,0.11,0.23,-0.01,-0.27,-0.63,0.13,0.3,-1.94,0.1,0.07,-0.67,0.68,0.35,0.05,4.56,-0.31,-0.62,-0.3,0,0.31,0.85,-0.85,-0.89,0.29,-1.07,0.57,-0.89,0.47,-0.03,1.12,-0.03,0.05,0.33,-2.4,-2.52,-2.04,-2.42,-2.3,-2.54,0.85,0.12,0.49,0.1,0.22,-0.02,-0.37,-0.38,-0.26,-0.5,0.78,0.8,0.02,0.12,-0.12,0.32,0.24,0.85,-1.7,-0.15,1.65,0.4,0.37,-0.1,-0.24,0.31,0.49,0.24,0.49,0.44,0.14,0.78,0.18,0.26,2,1,0,0,0,0,0,0,0,0,0,0,0,0,0,0,0.150504,0.083648,0.355662,0.417055,0.22399,0.180016,0.002742,0.003793,0.001155,0.006103,0.001691,0.002639,0.60592,0.569998,0.644338,0.731684,0.779376,0.759272,0.00236,0.0025,0.001155,0.027687,0.001372,0.001414,0.35212,0.295803,0.355662,0.319705,0.5,0.408713,0.00124,0.00149,0.000231,0.001907,0.001043,0.001095,0.619084,0.697642,0.355662,0.776446,0.479588,0.5,3.498918,3.162278,1.732051,9.608562,2.041241,1.658312,0.498728,0.51704,0.788675,0.411197,0.541038,0.522471,0.032762,0.035699,0.018013,0.084785,0.030866,0.036591,0.621893,0.694716,0.355662,0.764775,0.4499,0.471828,9.2294,9.201449,2.886751,24.450766,3.32666,2.95804,0.085422,-0.01088,0.355662,-0.166944,0.177251,0.144665,0.000302,0.0004,0.000231,0.000356,0.000207,0.000313,0.270907,0.38517,0.405509,0.710438,0.302153,0.242424,0.001491,0.002721,0.001058,0.019582,0.000927,0.001467,0.647887,0.68791,0.238982,0.76264,0.441154,0.557292,4.564288,3.902582,1.404754,4.561067,1.982591,2.133333,0.260643,0.255264,0.355662,0.4105,0.338626,0.333333,0.016294,0.015936,0.018013,0.018156,0.016112,0.0156,0.448146,0.459724,0.75,0.479251,0.527889,0.459733,0.076015,0.097971,0.0624,0.11165,0.092032,0.087196,0.432488,0.476061,0.788675,0.672101,0.500211,0.441259,0.153923,0.270823,0.072284,0.438986,0.158177,0.176859,0.617831,0.434627,0.405509,0.5863,0.486162,0.564312,0.353613,0.777592,0.10583,0.997008,0.240887,0.224598,0.314211,0.34047,0.21413,0.228316,0.041733,-0.060734,5.920688,7.417644,4.314317,11.763039,3.382307,3.190263,0.651977,0.731026,0.355662,0.8556,0.428717,0.559929,0.035093,0.064116,0.002309,0.113189,0.009352,0.022249,0.820582,0.798492,0.549959,0.437823,0.662594,0.756321,0.013439,0.012759,0.00467,0.027375,0.014043,0.012571,0.403285,0.355212,0.75,0.257619,0.584758,0.44647,0.013786,0.016116,0.004,0.128327,0.007866,0.01453,0.999736,0.885426,0.780848,0.970475,0.858556,0.92629,0.006087,0.011784,0.006053,0.012177,0.007902,0.006855,0.213408,0.216507,0.229841,0.263588,0.117553,0.059591,0.157018,0.238836,0.141892,0.260844,0.132916,0.131191
0.1,0.12,-0.03,0.08,0.1,0.16,1.62,1.01,0.79,-0.53,-1.89,-1.07,-0.03,-1.7,-0.93,-0.26,-0.6,-0.68,2.03,-0.69,-0.13,-0.54,-0.53,-0.69,0.51,0.07,1.39,0.83,1.9,0.19,0.97,1.66,1.31,1.23,3.99,1.22,1.79,1.38,1.39,1.22,0.87,1.41,0.55,1.05,-0.64,0.14,0.82,0.47,0.4,3.13,0.38,0.95,0.54,0.55,0.38,0.29,0,0.68,0.75,-0.5,-1.67,-0.91,-0.23,-0.57,-0.65,2.05,-0.67,-0.1,-0.51,-0.5,-0.66,1.09,1.19,0.78,1.47,1.12,1.04,3.79,1.02,1.6,1.18,1.19,1.03,1.23,0.3,-0.2,0.41,0.68,0.34,0.26,2.99,0.24,0.81,0.4,0.41,0.25,-0.59,-0.27,-0.34,-0.42,2.29,-0.44,0.13,-0.28,-0.27,-0.43,0.27,-0.23,-0.29,0.33,0.25,0.41,0.07,-0.08,2.64,-0.1,0.47,0.06,0.07,-0.09,0.08,0.15,2.72,-0.02,0.55,0.14,0.15,-0.01,-0.18,-0.52,0.13,0.35,-1.78,0.18,0.03,-0.7,0.76,0.38,0.07,4.59,-0.4,-0.68,-0.33,0.09,0.31,0.94,-0.94,-0.97,0.33,-1.07,0.64,-0.84,0.43,0.16,0.81,-0.13,-0.16,0.46,-2.5,-2.67,-2.11,-2.51,-2.5,-2.66,0.93,0.17,0.57,0.16,0.17,0.01,-0.4,-0.41,-0.4,-0.56,0.82,0.85,0.01,0.01,-0.15,0.32,0.3,0.89,-1.86,-0.1,1.75,0.48,0.43,0,-0.16,0.35,0.49,0.24,0.6,0.5,0.16,0.85,0.28,0.22,0.25,4,4.666666,100.666666,4,5,95.666666,251,52.333333,40.333333,303.666667,60.666667,60.666667,1,1.333333,5,0.361551,0.231069,0.644338,0.489391,0.540825,0.409301,0.002287,0.003889,0.001155,0.005891,0.001633,0.002328,0.812019,0.597906,0.788675,0.725732,0.78407,0.773049,0.001442,0.002468,0.000231,0.027475,0.001115,0.001546,0.660488,0.485626,0.772772,0.475939,0.736158,0.727862,0.000987,0.001449,0.000611,0.001905,0.000776,0.000975,0.722174,0.824372,0.554554,0.81673,0.65896,0.748668,3.563281,3.243444,1.527525,9.504665,1.834848,1.787301,0.498728,0.49875,0.644338,0.420604,0.60089,0.468738,0.032762,0.033336,0.018013,0.07843,0.025606,0.029144,0.694556,0.781409,0.594491,0.796408,0.681178,0.749769,8.887768,9.476133,2.645751,23.897239,3.449638,2.891559,0.158453,0.047873,0.355662,-0.11224,0.271782,0.215732,0.000317,0.000424,0.000231,0.000381,0.000219,0.000313,0.494138,0.466314,0.580064,0.716595,0.605644,0.461884,0.001421,0.00235,0.000833,0.019353,0.000947,0.001458,0.699624,0.772217,0.523729,0.837399,0.586718,0.6962,4.591956,4.010277,1.404754,4.52604,1.72974,2.152002,0.297707,0.274875,0,0.4105,0.397938,0.333333,0.016066,0.01588,0,0.018156,0.012737,0.0156,0.269841,0.28709,0.5,0.346751,0.419216,0.308733,0.079257,0.094856,0.0624,0.106295,0.064576,0.090856,0.432488,0.452621,0.644338,0.670056,0.602356,0.416835,0.153923,0.246769,0.072284,0.44043,0.102095,0.166738,0.78279,0.545782,0.737289,0.648553,0.697672,0.794514,0.374247,0.718983,0.140475,0.971874,0.244513,0.248998,0.38106,0.419189,0.419936,0.277392,0.263354,0.181515,5.675145,7.321598,4.163332,11.277314,3.803157,3.628284,0.637004,0.731488,0.5,0.843936,0.473042,0.530831,0.034062,0.056608,0.002,0.114241,0.009274,0.016217,0.835377,0.858263,0.718218,0.48911,0.685093,0.776901,0.014511,0.013398,0.002444,0.026784,0.011526,0.013202,0.29544,0.236372,0.355662,0.252375,0.350596,0.344741,0.013443,0.016279,0.004619,0.129059,0.003347,0.01145,0.841249,0.813285,0.586711,0.906954,0.711069,0.777586,0.006545,0.012116,0.004613,0.012527,0.00837,0.007365,0.439097,0.369958,0.5,0.404999,0.401563,0.326377,0.157355,0.240308,0.14,0.256577,0.13545,0.131191
0.16,0.18,-0.03,0.07,0.17,0.2,1.62,1.02,0.81,-0.53,-1.9,-1.12,-0.04,-1.76,-0.93,-0.27,-0.68,-0.7,2.37,-0.79,-0.14,-0.59,-0.56,-0.74,0.59,0.1,1.4,0.79,1.89,0.14,0.98,1.65,1.24,1.22,4.35,1.13,1.79,1.33,1.36,1.18,0.89,1.64,0.6,1.09,-0.65,0.19,0.85,0.44,0.42,3.53,0.33,0.99,0.53,0.56,0.39,0.29,-0.01,0.68,0.8,-0.48,-1.71,-0.89,-0.23,-0.64,-0.66,2.42,-0.75,-0.1,-0.55,-0.52,-0.69,1.18,1.25,0.84,1.51,1.09,1.07,4.2,0.98,1.64,1.19,1.22,1.04,1.23,0.47,-0.39,0.41,0.67,0.25,0.24,3.34,0.14,0.8,0.35,0.38,0.2,-0.58,-0.25,-0.41,-0.43,2.65,-0.52,0.13,-0.32,-0.29,-0.46,0.26,-0.2,-0.22,0.37,0.3,0.44,0.16,-0.02,3.08,-0.11,0.54,0.09,0.12,-0.05,0.14,0.18,3.1,-0.09,0.56,0.11,0.14,-0.03,0,-0.29,0.12,0.4,-1.59,0.15,0.05,-0.78,0.79,0.41,0.14,4.69,-0.56,-0.79,-0.38,0.12,0.38,1.08,-1.07,-1.08,0.35,-1.3,0.7,-0.78,0.41,0.45,0.41,-0.36,-0.49,0.58,-2.83,-3.09,-2.46,-2.9,-2.87,-3.04,1.1,0.27,0.65,0.2,0.23,0.06,-0.38,-0.45,-0.42,-0.59,0.82,0.85,0.06,0.03,-0.15,0.35,0.34,0.92,-1.86,0,1.86,0.48,0.47,0.03,-0.18,0.41,0.56,0.27,0.66,0.53,0.21,0.96,0.41,0.29,0,7,5,137,2,9,52,132,95,72,92,75,75,1,1,4,0.452718,0.293179,0.708013,0.513615,0.638005,0.538739,0.002291,0.003949,0.001442,0.005662,0.001691,0.002008,0.778372,0.586948,0.644338,0.716529,0.70522,0.773049,0.001527,0.002444,0.000231,0.027181,0.001056,0.001546,0.660488,0.476585,0.644338,0.472504,0.669337,0.727862,0.000987,0.001424,0.000693,0.001894,0.000689,0.000975,0.787053,0.863846,0.718218,0.830425,0.743975,0.8045,2.757909,3.406888,1.527525,9.42599,1.36626,2.006932,0.51974,0.477369,0,0.429755,0.728218,0.498774,0.03124,0.030562,0,0.074738,0.017089,0.027193,0.739626,0.816932,0.718218,0.807265,0.776417,0.822777,6.868351,9.761559,3.05505,23.442693,2.562551,3.270236,0.206849,0.093739,0,-0.06741,0.338626,0.264298,0.000341,0.000441,0,0.000404,0.000207,0.000283,0.46065,0.444195,0.644338,0.707789,0.571283,0.520362,0.001271,0.002165,0.000693,0.01905,0.000935,0.001091,0.841621,0.929783,0.772772,0.99233,0.918414,0.916346,4.073715,4.27541,2.44404,4.536253,1.593319,2.428534,0.783211,0.766056,0.788675,0.825448,0.822749,0.763523,0.016066,0.01588,0.018013,0.018475,0.016112,0.016444,0.304566,0.250379,0.355662,0.352929,0.5,0.350543,0.079993,0.086114,0.036027,0.106327,0.039465,0.081406,0.122518,0.131164,0.211325,0.526674,0.112919,0.146643,0.172414,0.211747,0.144338,0.440343,0.094123,0.176812,0.987414,0.689356,0.755366,0.72137,0.874895,0.9217,0.311166,0.653532,0.300222,0.9684,0.244513,0.313546,0.344819,0.467874,0.726816,0.310104,0.383406,0.311889,3.973854,7.263169,1.616581,10.696639,3.859534,3.544009,0.638193,0.748676,0.772772,0.837323,0.522063,0.537037,0.028041,0.048172,0.003055,0.114998,0.007554,0.009,1.041657,1.149262,0.785264,0.723701,0.986021,0.967059,0.01777,0.016082,0.015658,0.026356,0.012208,0.018175,-0.112596,-0.218163,0.214286,0.181736,-0.003181,-0.11584,0.020133,0.02019,0.028,0.13046,0.019211,0.017321,1.119109,1.102373,0.787377,1.21692,0.963356,1.027244,0.010445,0.013357,0.010555,0.013623,0.010503,0.011759,0.453866,0.416942,0.69397,0.452852,0.469069,0.430329,0.126443,0.240796,0.094516,0.247449,0.13471,0.127584
0.25,0.23,0,0.06,0.27,0.21,1.62,1.03,0.82,-0.5,-1.83,-1.09,-0.04,-1.63,-0.93,-0.25,-0.69,-0.65,2.21,-0.93,-0.14,-0.62,-0.57,-0.73,0.59,0.07,1.35,0.75,1.82,0.2,0.91,1.61,1.16,1.2,4.11,0.91,1.72,1.24,1.28,1.12,0.84,1.64,0.6,1.06,-0.55,0.16,0.86,0.4,0.45,3.34,0.16,0.97,0.48,0.53,0.36,0.29,-0.04,0.68,0.8,-0.46,-1.59,-0.89,-0.2,-0.65,-0.61,2.25,-0.89,-0.09,-0.57,-0.53,-0.69,1.21,1.15,0.71,1.41,0.96,1,3.9,0.71,1.52,1.04,1.08,0.92,1.17,0.55,-0.47,0.44,0.69,0.24,0.28,3.17,0,0.8,0.32,0.37,0.2,-0.56,-0.26,-0.45,-0.41,2.46,-0.69,0.11,-0.37,-0.32,-0.49,0.27,-0.22,-0.36,0.39,0.3,0.46,0.19,0.04,2.92,-0.24,0.56,0.08,0.13,-0.04,0.18,0.15,2.88,-0.28,0.52,0.04,0.08,-0.08,0.04,-0.26,0.13,0.44,-1.56,0.15,0.07,-0.82,0.85,0.42,0.11,4.75,-0.93,-0.8,-0.38,0.2,0.38,1.15,-1.16,-1.18,0.38,-1.23,0.77,-0.75,0.39,0.53,0.5,-0.4,-0.49,1.05,-2.65,-3.07,-2.29,-2.76,-2.72,-2.88,1.12,0.43,0.8,0.32,0.37,0.2,-0.37,-0.48,-0.43,-0.6,0.82,0.85,0.11,0.05,-0.12,0.38,0.35,0.96,-1.78,-0.05,1.64,0.53,0.53,0.07,-0.16,0.43,0.57,0.24,0.69,0.55,0.23,0.91,0.52,0.34,1.666666,3,0,0,0,0,0,0,0,0,0,0,0,0,0,0,0.459992,0.306271,0.644338,0.503453,0.732565,0.627273,0.002291,0.004,0.000462,0.005429,0.00129,0.001397,0.84254,0.652935,0.788675,0.714787,0.779508,0.820092,0.001557,0.00237,0.000462,0.026848,0.001073,0.001562,0.374543,0.265854,0.211325,0.314126,0.301852,0.431959,0.000996,0.001424,0.000693,0.001894,0.000589,0.00098,0.98064,0.954648,0.772772,0.869166,0.864972,0.895777,2.167249,3.688751,1.527525,9.36797,1.94079,2.386304,0.297708,0.187856,0.211325,0.327159,0.271782,0.267127,0.032297,0.028246,0.018013,0.067029,0.017089,0.026147,0.875534,0.816505,0.718218,0.807947,0.776755,0.814627,3.550501,10.136746,1.527525,22.984876,3.011091,3.708099,0.526273,0.336433,0.788675,0.190353,0.822749,0.710819,0.000317,0.000433,0.000231,0.00041,0.000207,0.000211,0.526513,0.468492,0.788675,0.704317,0.714478,0.708333,0.001257,0.001984,0.000231,0.018741,0.000855,0.0008,0.932396,0.937502,0.688982,1.009307,0.83759,0.882104,2.871595,4.54284,2.116601,4.597748,2.122891,2.588007,0.330749,0.274875,0.355662,0.403245,0.338626,0.333333,0.015362,0.01588,0.018013,0.018475,0.016112,0.0156,0.325215,0.230902,0,0.360849,0.5,0.387575,0.082005,0.082296,0,0.103021,0.039465,0.077286,0.323133,0.265076,0.499733,0.59591,0.444399,0.363796,0.176828,0.205172,0.125,0.440994,0.094123,0.15312,1.147754,1.009505,0.77735,0.910358,0.961761,1.059085,0.483723,0.638692,0.576888,0.968667,0.541406,0.508768,0.238443,0.456362,0.445446,0.296351,0.390829,0.302102,3.44093,6.874781,0.61101,10.066333,3.053304,3.256447,0.519393,0.700639,0.25,0.806711,0.188624,0.355072,0.019337,0.04143,0.004,0.115167,0.002944,0.007667,1.090231,1.276539,0.754397,0.9757,0.939719,1.004536,0.024793,0.021366,0.025813,0.026614,0.023765,0.025986,0.159457,0.038068,0.455099,0.223614,0.285471,0.197019,0.022268,0.021919,0.022271,0.12965,0.020976,0.019437,1.117391,1.222485,0.749118,1.38773,0.924823,1.020398,0.0164,0.016938,0.019,0.015977,0.018164,0.018191,0.582517,0.510624,0.772772,0.545346,0.716378,0.636931,0.116137,0.235317,0.061101,0.236607,0.100133,0.109545
0.28,0.2,0.12,0.09,0.34,0.16,1.73,0.98,0.81,-0.48,-1.76,-1.07,-0.03,-1.61,-0.79,-0.19,-0.65,-0.63,2.18,-1.03,-0.09,-0.64,-0.51,-0.73,0.63,0.01,1.31,0.71,1.77,0.16,0.99,1.6,1.14,1.16,4.02,0.75,1.7,1.14,1.27,1.05,0.84,1.49,0.6,1.05,-0.55,0.28,0.89,0.43,0.45,3.29,0.04,0.99,0.43,0.56,0.34,0.29,0,0.6,0.74,-0.45,-1.58,-0.76,-0.16,-0.62,-0.6,2.21,-1,-0.06,-0.61,-0.48,-0.7,1.13,1.15,0.84,1.44,0.98,1,3.86,0.59,1.54,0.99,1.12,0.89,1.17,0.44,-0.39,0.31,0.6,0.14,0.16,2.99,-0.24,0.7,0.15,0.28,0.05,-0.58,-0.29,-0.46,-0.44,2.38,-0.84,0.1,-0.45,-0.32,-0.54,0.26,-0.23,-0.36,0.36,0.29,0.43,0.17,0.02,2.85,-0.38,0.56,0.01,0.14,-0.09,0.2,0.15,2.83,-0.4,0.54,-0.01,0.12,-0.11,0.04,-0.22,0.1,0.42,-1.66,0.14,0.14,-0.76,0.78,0.41,0.14,4.61,-1.08,-0.74,-0.36,0.17,0.37,1.03,-0.98,-1.01,0.34,-1.15,0.68,-0.81,0.44,0.48,0.5,-0.36,-0.44,1.17,-2.61,-3.14,-2.23,-2.76,-2.64,-2.85,1.02,0.56,0.95,0.39,0.52,0.3,-0.39,-0.55,-0.42,-0.64,0.81,0.82,0.16,0.13,-0.09,0.37,0.33,0.9,-1.78,-0.15,1.75,0.48,0.46,0.03,-0.22,0.35,0.52,0.21,0.63,0.52,0.26,0.91,0.44,0.41,-0.5,2,3.181818,143.90909,2.272727,2.090909,65.272727,171.272727,48.272727,56.181818,415.272727,95.454545,95.454545,3,1.454545,2.090909,0.495802,0.3208,0.5,0.49192,0.668867,0.627273,0.001985,0.004023,0,0.005157,0.001086,0.001397,0.6875,0.548074,0.355662,0.698731,0.5,0.658636,0.0016,0.00208,0.000462,0.026397,0.000438,0.001191,0.30653,0.21248,0.29984,0.259081,0.201193,0.232739,0.000905,0.001464,0.000833,0.001885,0.000669,0.000748,0.714452,0.79797,0.355662,0.806127,0.551031,0.644938,2.234373,3.810502,1.154701,9.170349,1.632993,2.108185,0.75493,0.72774,0.750529,0.584818,0.888947,0.867582,0.028276,0.028779,0.0314,0.060006,0.023611,0.026147,0.699637,0.756051,0.25,0.778774,0.551462,0.640028,3.339388,10.333216,1,22.232771,2.428992,3.570714,0.558053,0.351969,0.644338,0.200005,0.728218,0.710819,0.000287,0.000422,0.000231,0.000417,0.000219,0.000211,0.533412,0.427606,0.644338,0.695923,0.661374,0.674595,0.001247,0.001612,0.000231,0.018353,0.00062,0.000827,0.852958,0.900046,0.644338,0.98869,0.737564,0.806662,3.069301,4.811942,0.46188,4.595619,2.315167,2.572504,0.330749,0.29316,0.355662,0.403245,0.397938,0.374012,0.015362,0.015713,0.018013,0.018475,0.012737,0.013758,0.515446,0.42046,0.788675,0.526756,0.776755,0.691902,0.082005,0.082296,0.036027,0.095927,0.046973,0.054136,0.485017,0.41763,0.750133,0.664888,0.704222,0.657728,0.172414,0.205172,0.125,0.442384,0.102095,0.110246,1.064524,1.134974,0.7227,0.996316,0.879349,0.983055,0.677562,0.679162,0.628649,0.985175,0.7425,0.701554,0.165301,0.395005,0.22265,0.248443,0.303291,0.220492,3.784498,6.825697,1.442221,9.374963,2.880741,3.577709,0.526854,0.733164,0.5,0.802608,0.5,0.478116,0.013964,0.032792,0.004,0.115076,0.002828,0.007616,0.997541,1.194539,0.704315,1.035731,0.842359,0.929645,0.030701,0.026444,0.019251,0.027894,0.029014,0.030258,0.283044,0.152444,0.718218,0.249333,0.42515,0.342515,0.020357,0.022778,0.01222,0.128657,0.02004,0.017638,1.055102,1.215384,0.739514,1.425204,0.872159,0.965014,0.022413,0.021364,0.01684,0.018831,0.023691,0.024348,0.522066,0.496426,0.580064,0.534221,0.636403,0.58055,0.113298,0.233139,0.041633,0.228293,0.103859,0.110353
0.45,0.23,0.06,0.06,0.44,0.19,1.65,1.01,0.82,-0.48,-1.83,-1.07,0,-1.6,-0.81,-0.24,-0.67,-0.68,2.09,-1.25,-0.07,-0.66,-0.51,-0.73,0.67,0.06,1.37,0.77,1.87,0.24,1.03,1.61,1.18,1.17,3.99,0.58,1.79,1.19,1.34,1.11,0.84,1.49,0.6,1.09,-0.53,0.26,0.83,0.4,0.4,3.19,-0.19,1.01,0.42,0.56,0.34,0.3,-0.08,0.53,0.74,-0.48,-1.6,-0.82,-0.25,-0.68,-0.68,2.08,-1.26,-0.07,-0.66,-0.52,-0.74,1.16,1.14,0.8,1.37,0.94,0.93,3.74,0.35,1.55,0.96,1.1,0.88,1.23,0.49,-0.39,0.34,0.57,0.14,0.14,2.92,-0.45,0.75,0.16,0.3,0.08,-0.65,-0.24,-0.43,-0.43,2.34,-1.01,0.18,-0.41,-0.27,-0.49,0.29,-0.2,-0.3,0.38,0.31,0.45,0.19,-0.01,2.78,-0.59,0.61,0.01,0.16,-0.06,0.23,0.2,2.78,-0.58,0.61,0.02,0.17,-0.06,0.09,-0.22,0.11,0.45,-1.74,0.14,0.07,-0.82,0.83,0.42,0.07,4.59,-1.58,-0.86,-0.38,0.21,0.38,1.13,-1.12,-1.09,0.38,-1.15,0.75,-0.85,0.44,0.56,0.69,-0.42,-0.55,1.61,-2.51,-3.27,-2.11,-2.69,-2.55,-2.76,1.12,0.79,1.2,0.61,0.75,0.53,-0.41,-0.59,-0.44,-0.67,0.85,0.82,0.18,0.14,-0.08,0.37,0.37,0.92,-1.75,-0.13,1.64,0.51,0.53,0.03,-0.22,0.39,0.54,0.3,0.64,0.56,0.26,0.96,0.51,0.44,2.5,2,5,31,2,2,60,158,1,50,2,100,100,1,1,3,0.862756,0.518458,0.788675,0.619958,0.90724,0.927434,0.00193,0.003612,0.001617,0.005054,0.001801,0.00182,0.516077,0.413446,0.235094,0.679064,0.091752,0.361293,0.001555,0.00207,0.001007,0.025933,0.000653,0.001041,0.548417,0.364546,0.75,0.369843,0.5,0.467624,0.000861,0.001353,0.0004,0.001889,0.000669,0.000686,0.774441,0.843317,0.5,0.820268,0.669337,0.733333,2.35327,3.944359,1,9.139483,1.722401,1.666667,0.498755,0.43977,0.498938,0.464407,0.499161,0.616847,0.026778,0.027741,0.0314,0.056073,0.019859,0.022156,0.845482,0.811165,0.718218,0.800464,0.765165,0.829276,3.618136,10.645473,1.527525,22.101224,2.828427,2.783882,0.60055,0.367319,0.5,0.209192,0.728218,0.710819,0.000249,0.000408,0,0.000423,0.000219,0.000211,0.84722,0.629664,0.788675,0.703673,0.887457,0.887365,0.001056,0.001542,0.000693,0.018013,0.000903,0.000975,0.826733,0.892881,0.788675,0.98074,0.705867,0.80303,3.0606,5.037569,0.23094,4.71929,2.509714,2.2,0.330749,0.29316,0,0.403245,0.397938,0.374012,0.015362,0.015713,0,0.018475,0.012737,0.013758,0.554444,0.410431,0.644338,0.534299,0.728218,0.791667,0.071174,0.080339,0.036027,0.093845,0.034178,0.0416,0.51693,0.386337,0.644338,0.657821,0.649449,0.735828,0.155052,0.18307,0.072284,0.441562,0.104606,0.088436,1.08397,1.291493,0.775547,1.178882,0.89077,1.007967,0.976077,0.841763,0.737925,1.056271,1.074802,0.988692,0.48336,0.588383,0.757222,0.370603,0.873927,0.544822,3.505666,5.987209,2.203028,8.339992,1.782882,3.470511,0.505255,0.728549,0.718218,0.79445,0.676777,0.5,0.00793,0.032816,0.003055,0.115045,0.002828,0.006481,0.970632,1.1774,0.768936,1.142304,0.818927,0.921614,0.037166,0.032243,0.013758,0.02962,0.034125,0.033812,0.519319,0.325179,0.772772,0.289228,0.636462,0.576472,0.017254,0.022642,0.01222,0.126519,0.019541,0.017436,1.047271,1.245048,0.767745,1.49177,0.876469,0.974121,0.030789,0.027593,0.019795,0.023201,0.030326,0.030958,0.698592,0.631004,0.780224,0.645863,0.789533,0.712404,0.113298,0.190833,0.041633,0.209243,0.11225,0.115085
-0.02,0.29,0.08,0.08,0.29,0.19,1.65,0.99,0.77,-0.48,-1.76,-1.07,0.03,-1.55,-0.79,-0.12,-0.65,-0.68,2.18,-1.08,-0.11,-0.66,-0.51,-0.73,0.6,0,1.31,0.71,1.83,0.21,0.99,1.67,1.14,1.11,4.02,0.7,1.68,1.13,1.27,1.05,0.84,1.49,0.6,1.11,-0.49,0.28,0.96,0.43,0.4,3.29,-0.01,0.97,0.42,0.56,0.34,0.31,-0.08,0.56,0.74,-0.51,-1.58,-0.82,-0.15,-0.68,-0.71,2.15,-1.11,-0.14,-0.69,-0.54,-0.76,1.2,1.09,0.78,1.46,0.92,0.89,3.8,0.48,1.46,0.91,1.06,0.83,1.23,0.44,-0.35,0.31,0.67,0.14,0.11,2.99,-0.29,0.68,0.13,0.28,0.05,-0.73,-0.36,-0.53,-0.56,2.31,-0.96,0.01,-0.54,-0.39,-0.61,0.31,-0.3,-0.36,0.36,0.29,0.45,0.17,-0.03,2.85,-0.43,0.54,-0.01,0.14,-0.09,0.23,0.2,2.88,-0.4,0.57,0.02,0.17,-0.06,0.09,-0.18,0.12,0.43,-2.05,0.15,0.07,-0.77,0.82,0.42,0.09,4.63,-1.24,-0.74,-0.38,0.03,0.37,1.13,-1.12,-0.99,0.36,-1.24,0.71,-0.91,0.48,0.46,0.62,-0.33,-0.44,1.26,-2.61,-3.19,-2.25,-2.78,-2.64,-2.85,1.06,0.6,0.97,0.43,0.57,0.35,-0.37,-0.54,-0.4,-0.62,0.82,0.8,0.18,0.14,-0.08,0.35,0.34,0.92,-1.7,-0.25,1.64,0.43,0.47,0.03,-0.22,0.32,0.52,0.27,0.66,0.53,0.26,0.82,0.37,0.44,0,2,5,3,5,3,118,309,31,0,62,75,75,1,1,1,0.813742,0.484583,0.569338,0.571631,0.737933,0.802034,0.0017,0.003243,0.001442,0.004857,0.001401,0.001876,0.613873,0.506055,0.554554,0.678581,0.397938,0.512287,0.00139,0.002064,0.000611,0.025374,0.000653,0.000904,0.441947,0.305634,0.5,0.316898,0.350596,0.360557,0.000861,0.001265,0.0004,0.001889,0.000669,0.000558,0.732575,0.817858,0.644338,0.81093,0.619183,0.69245,2.329,4.096437,0.57735,8.928176,1.048809,1.732051,0.793771,0.724549,0.644338,0.61952,0.777498,0.856443,0.026778,0.027741,0.018244,0.053478,0.023664,0.024533,0.737186,0.771866,0.554554,0.780842,0.641535,0.700082,3.776924,10.919916,1.527525,21.494175,1.47196,2.915476,0.669251,0.38273,0.5,0.217958,0.661374,0.710819,0.000197,0.000391,0,0.000428,0.000207,0.000211,0.941916,0.718717,0.70016,0.700976,0.870461,0.88619,0.001056,0.001448,0.000833,0.017581,0.000855,0.001151,0.72545,0.826664,0.25,0.920007,0.561733,0.670469,2.846156,5.242386,0.4,4.727099,1.619877,2.216103,0.361807,0.310428,0,0.403245,0.397938,0.374012,0.014111,0.01543,0,0.018475,0.012737,0.013758,0.577265,0.418438,0,0.538044,0.728218,0.735702,0.067085,0.080205,0,0.093203,0.034178,0.044123,0.761459,0.556763,0.788675,0.719261,0.822555,0.909186,0.139346,0.18307,0.072053,0.44231,0.129074,0.110246,0.822242,0.995587,0.416993,0.972204,0.65016,0.752049,1.024074,0.926511,0.522047,1.076954,0.95454,1.053586,0.002884,0.24143,0.25,0.124444,0.050853,0.048485,3.939389,5.849489,4.4,8.404216,3.042806,3.666667,-0.103236,0.5102,0.211917,0.724162,0.004484,-0.141535,0.010084,0.032681,0.01562,0.113943,0.0111,0.009006,0.729847,0.905515,0.264543,0.881491,0.544018,0.661275,0.037017,0.034319,0.014865,0.030172,0.028019,0.033483,0.267954,0.140599,0.311018,0.259189,0.438267,0.330158,0.017956,0.023766,0.010583,0.124665,0.016199,0.017664,0.831967,1.006141,0.428526,1.214357,0.66403,0.762899,0.03291,0.030583,0.012592,0.025358,0.028145,0.03212,0.17616,0.296274,0.224656,0.342337,0.12346,0.203067,0.109365,0.163619,0.133167,0.208779,0.092952,0.104775
0.09,0.29,0.11,0.06,0.34,0.2,1.65,0.99,0.77,-0.43,-1.72,-1.02,-0.03,-1.55,-0.79,-0.1,-0.61,-0.66,2.11,-1.12,-0.04,-0.67,-0.43,-0.72,0.67,0.05,1.31,0.71,1.72,0.17,0.94,1.65,1.13,1.08,3.89,0.6,1.7,1.06,1.31,1.02,0.78,1.49,0.6,1,-0.53,0.23,0.93,0.42,0.37,3.16,-0.1,0.99,0.35,0.6,0.31,0.34,-0.08,0.56,0.86,-0.4,-1.52,-0.76,-0.06,-0.58,-0.62,2.14,-1.09,-0.01,-0.64,-0.4,-0.69,1.21,1.14,0.77,1.48,0.95,0.91,3.71,0.43,1.53,0.89,1.14,0.84,1.2,0.43,-0.35,0.36,0.7,0.18,0.14,2.92,-0.34,0.75,0.12,0.36,0.07,-0.79,-0.34,-0.52,-0.56,2.2,-1.03,0.05,-0.58,-0.34,-0.62,0.32,-0.34,-0.36,0.37,0.29,0.47,0.18,-0.04,2.73,-0.52,0.57,-0.06,0.18,-0.11,0.28,0.23,2.78,-0.47,0.62,-0.02,0.23,-0.06,0.01,-0.26,0.12,0.44,-2.25,0.15,0.07,-0.79,0.81,0.41,0.13,4.59,-1.43,-0.79,-0.39,0.08,0.42,1.08,-1.07,-1,0.37,-1.23,0.73,-0.87,0.45,0.51,0.62,-0.4,-0.5,1.44,-2.49,-3.16,-2.11,-2.72,-2.49,-2.77,1.09,0.7,1.09,0.46,0.7,0.41,-0.39,-0.63,-0.39,-0.67,0.81,0.84,0.24,0.24,-0.05,0.36,0.35,0.93,-1.66,-0.2,1.61,0.45,0.48,0,-0.29,0.33,0.54,0.28,0.67,0.56,0.29,0.78,0.44,0.46,0.363636,11,0,0,0,0,0,0,0,0,0,0,0,0,0,0,0.815068,0.551327,0.5,0.583357,0.724105,0.790522,0.001851,0.002679,0.0004,0.004624,0.001339,0.001798,0.986178,0.814836,0.780224,0.694071,0.910792,1.040621,0.001303,0.001985,0.001665,0.024744,0.001095,0.000904,0.651383,0.491944,0.75,0.420204,0.698148,0.676777,0.000661,0.001034,0.0004,0.00188,0.000589,0.000566,0.702293,0.793252,0,0.804997,0.555351,0.652944,2.059715,4.227027,0,8.57249,0.752773,1.452966,0.525111,0.43977,0.355662,0.485746,0.443655,0.498999,0.02489,0.027741,0.018244,0.048669,0.023664,0.022203,0.640153,0.733704,0.25,0.76438,0.380817,0.571067,3.56753,11.14301,1,20.44882,1.048809,2.345208,1.00275,0.657045,0.788675,0.451372,0.895285,0.958333,0.000249,0.000371,0.000231,0.000428,0.000253,0.000267,1.009066,0.953942,0.780224,0.710124,0.894816,0.969007,0.001359,0.001377,0.000833,0.017073,0.001224,0.001303,0.757099,0.832058,0.644338,0.943638,0.749491,0.708706,2.657864,5.420733,0.46188,4.724195,0.467618,2.182761,0.392956,0.326945,0,0.4105,0.397938,0.416667,0.012145,0.015024,0,0.018156,0.012737,0.0104,0.656313,0.432428,0,0.541852,0.661374,0.69118,0.049846,0.07751,0,0.092537,0.032223,0.045333,0.337841,0.238365,0.249867,0.571485,0.380609,0.342272,0.112544,0.184226,0.125,0.436837,0.131082,0.110246,0.830213,1.009416,0.473793,1.013132,0.67145,0.761739,1.080112,1.02323,0.381576,1.108796,0.787401,1.061278,0.140045,0.293738,0.376701,0.163169,0.232961,0.186467,4.375552,5.73704,4.86621,8.572544,3.557527,3.756476,0.045863,0.507023,0.355662,0.715149,0.18312,0.067689,0.012294,0.03263,0.016166,0.112325,0.013938,0.011823,0.768298,0.940671,0.473091,0.967297,0.597732,0.70433,0.035967,0.037027,0.014865,0.03098,0.018077,0.031757,0.584134,0.364166,0.644338,0.307812,0.772928,0.631148,0.015848,0.02362,0.011547,0.122601,0.015267,0.016944,0.726889,0.892579,0.28395,1.08071,0.519495,0.654838,0.032946,0.032329,0.013269,0.026842,0.019663,0.030067,0.332417,0.403296,0.414302,0.406034,0.300029,0.364978,0.111885,0.133569,0.136137,0.203975,0.095847,0.106979
0.16,0.29,0.11,0.1,0.33,0.21,1.65,1.05,0.81,-0.48,-1.81,-1.03,-0.1,-1.64,-0.94,-0.17,-0.65,-0.7,2.09,-1.15,-0.11,-0.78,-0.51,-0.78,0.67,0.03,1.35,0.79,1.74,0.17,0.89,1.66,1.18,1.12,3.97,0.67,1.72,1.04,1.32,1.05,0.78,1.56,0.56,0.94,-0.62,0.1,0.86,0.39,0.33,3.15,-0.12,0.93,0.25,0.52,0.25,0.34,-0.04,0.53,0.91,-0.38,-1.54,-0.84,-0.08,-0.55,-0.61,2.19,-1.05,-0.02,-0.69,-0.42,-0.68,1.23,1.18,0.72,1.49,1.01,0.95,3.79,0.5,1.55,0.87,1.15,0.87,1.23,0.42,-0.31,0.46,0.77,0.29,0.23,3.05,-0.21,0.83,0.15,0.43,0.16,-0.75,-0.3,-0.47,-0.53,2.27,-0.97,0.06,-0.61,-0.34,-0.61,0.3,-0.28,-0.36,0.38,0.26,0.48,0.17,-0.06,2.75,-0.5,0.54,-0.14,0.14,-0.13,0.33,0.23,2.81,-0.45,0.59,-0.08,0.19,-0.08,0.04,-0.18,0.13,0.46,-2.28,0.13,0.13,-0.82,0.85,0.44,0.13,4.66,-1.33,-0.8,-0.39,0.12,0.46,1.13,-1.07,-1.09,0.37,-1.23,0.75,-0.94,0.48,0.5,0.56,-0.4,-0.49,1.36,-2.51,-3.17,-2.16,-2.81,-2.55,-2.81,1.12,0.68,1.05,0.37,0.64,0.37,-0.37,-0.67,-0.4,-0.67,0.82,0.85,0.31,0.27,0,0.36,0.35,0.96,-1.57,-0.35,1.53,0.45,0.49,0.03,-0.27,0.37,0.56,0.35,0.77,0.58,0.3,0.81,0.49,0.5,0.833333,6,5,55,2,9,51,129,5,49,177,75,75,1,1,3,0.879668,0.665657,0.780224,0.64202,0.801749,0.843203,0.002085,0.002666,0.000833,0.004283,0.001491,0.00204,1.083392,0.9933,0.742091,0.706128,0.915945,1.050334,0.001714,0.002188,0.002203,0.024105,0.001883,0.001575,0.758105,0.584367,0.718218,0.46866,0.86799,0.784268,0.000646,0.001037,0.000611,0.001861,0.000589,0.000625,0.81067,0.828925,0.788675,0.824694,0.776755,0.763523,1.676486,4.11695,0.57735,8.373273,0.752773,1.581139,0.842512,0.724549,0.644338,0.66029,0.704512,0.792409,0.02489,0.027741,0.018244,0.046985,0.025671,0.020975,0.778107,0.761422,0.75,0.784519,0.749491,0.733333,2.696799,10.599084,1,19.440717,1.169045,2.5,0.906368,0.678492,0.644338,0.451372,0.822749,0.855335,0.000287,0.00035,0.000231,0.000428,0.000207,0.000313,0.982715,1.019802,0.731793,0.714651,0.853296,0.923627,0.00164,0.001531,0.001007,0.016451,0.001462,0.001679,0.698157,0.790302,0.5,0.905968,0.444649,0.628525,2.144761,5.339272,0.4,4.710965,0.301109,2.161275,0.914578,0.846109,0.788675,0.825448,1.01031,0.940959,0.014111,0.015024,0.018013,0.018475,0.012737,0.013758,0.971281,0.648439,0.788675,0.706494,0.896125,0.959456,0.049846,0.074862,0.036258,0.093203,0.039592,0.041692,1.043652,0.765288,0.718293,0.77537,0.892091,0.952451,0.13417,0.176789,0.191028,0.432751,0.146182,0.145848,0.772474,0.941648,0.614708,0.975819,0.603494,0.702342,1.07044,1.093442,0.174356,1.134886,0.499226,1.021372,0.331993,0.394169,0.782138,0.254037,0.469947,0.415277,4.3153,5.354451,1.890326,8.656453,3.327461,2.885211,0.146375,0.508616,0.788675,0.710805,0.298792,0.197961,0.01355,0.031435,0.001155,0.11044,0.013667,0.012875,0.717495,0.881965,0.596299,0.933312,0.47288,0.643795,0.032989,0.038747,0.006577,0.031718,0.010447,0.029208,0.532081,0.333755,0.594491,0.30793,0.656741,0.58816,0.015586,0.02381,0.010583,0.119857,0.010633,0.016384,0.749105,0.90999,0.644338,1.10425,0.562029,0.680505,0.031647,0.033802,0.00485,0.028441,0.012897,0.027208,0.544836,0.581445,0.768055,0.522749,0.543472,0.620364,0.111518,0.133014,0.080829,0.201477,0.095847,0.101544
0.16,0.32,0.11,0.07,0.34,0.19,1.64,1.01,0.82,-0.48,-1.81,-1.07,-0.01,-1.6,-0.84,-0.18,-0.71,-0.7,2,-1.1,-0.11,-0.7,-0.45,-0.76,0.67,0.05,1.35,0.75,1.83,0.21,0.99,1.66,1.12,1.12,3.88,0.72,1.72,1.12,1.39,1.07,0.78,1.49,0.6,1.07,-0.53,0.23,0.9,0.37,0.37,3.11,-0.03,0.97,0.37,0.63,0.32,0.28,-0.08,0.56,0.86,-0.47,-1.59,-0.83,-0.17,-0.7,-0.7,2.01,-1.09,-0.11,-0.7,-0.44,-0.75,1.21,1.14,0.77,1.44,0.9,0.91,3.66,0.5,1.51,0.91,1.17,0.85,1.14,0.24,-0.16,0.36,0.67,0.13,0.14,2.87,-0.27,0.73,0.13,0.4,0.08,-0.75,-0.3,-0.53,-0.53,2.18,-0.93,0.06,-0.53,-0.27,-0.58,0.29,-0.23,-0.43,0.37,0.26,0.48,0.23,0,2.73,-0.4,0.6,0,0.26,-0.05,0.26,0.23,2.73,-0.4,0.59,0,0.26,-0.05,0,-0.22,0.13,0.47,-2.17,0.15,0.14,-0.82,0.88,0.44,0.14,4.61,-1.27,-0.79,-0.38,0.12,0.46,1.08,-1.03,-0.99,0.37,-1.23,0.75,-1.04,0.55,0.66,0.75,-0.5,-0.66,1.31,-2.43,-3.04,-2.08,-2.66,-2.4,-2.71,1.08,0.63,1,0.4,0.66,0.35,-0.37,-0.59,-0.33,-0.64,0.81,0.89,0.23,0.26,-0.05,0.36,0.36,0.96,-1.53,-0.3,1.42,0.51,0.49,-0.03,-0.31,0.33,0.56,0.3,0.74,0.58,0.28,0.84,0.59,0.51,0.4,5,0,0,0,0,0,0,0,0,0,0,0,0,0,0,0.760763,0.606083,0.445446,0.586312,0.608338,0.713433,0.002173,0.002553,0.000611,0.004007,0.001231,0.001614,0.880715,0.879726,0.533113,0.690159,0.729311,0.822888,0.001817,0.002271,0.001007,0.023325,0.002108,0.001755,0.648443,0.495934,0.355662,0.409153,0.641535,0.592026,0.000561,0.001025,0.000231,0.001835,0.000589,0.000604,0.761986,0.803783,0.644338,0.817837,0.776755,0.763523,1.749459,4.080486,0.57735,8.078707,0.752773,1.054093,1.103195,1.148378,0.772472,1.012772,0.95546,1.039635,0.035671,0.032665,0.047834,0.045427,0.034324,0.035435,0.871269,0.785761,0.75,0.807087,0.880693,0.950711,3.030152,10.425373,2,18.419029,1.75119,1.787301,0.841547,0.704124,0,0.451372,0.728218,0.784268,0.000317,0.000327,0,0.000428,0.000219,0.000313,0.886227,0.984777,0.644338,0.707992,0.753588,0.841093,0.001877,0.001616,0.000462,0.015756,0.001446,0.001661,0.851822,0.84869,0.783473,0.988321,0.976731,0.854167,2.297561,5.496771,1.058301,4.748415,0.839047,1.6,0.838502,0.815953,0.644338,0.811764,0.822749,0.833333,0.015362,0.01543,0.018013,0.018764,0.016112,0.0156,1.124756,1.022976,0.772622,1.006655,0.981431,1.068907,0.079204,0.079664,0.095492,0.097638,0.075746,0.079353,1.030189,0.94177,0.700071,0.832015,0.867881,0.944066,0.176777,0.176789,0.26024,0.437204,0.183981,0.195416,0.699175,0.866035,0.216527,0.919488,0.43606,0.622902,1.07527,1.137186,0.10583,1.148226,0.338861,0.858862,0.361409,0.390228,0.644338,0.263744,0.505354,0.419492,3.667879,5.314023,1.616581,8.703496,3.112984,2.898275,0.156557,0.473739,0.355662,0.697782,0.329945,0.230748,0.012739,0.029352,0.001155,0.108337,0.013721,0.013824,0.704429,0.863957,0.70016,0.941434,0.506994,0.632181,0.032326,0.040298,0.001665,0.032583,0.009532,0.023705,0.715437,0.475963,0.772772,0.340899,0.813481,0.789019,0.015859,0.022534,0.00611,0.11654,0.010633,0.015762,0.708291,0.872061,0.633657,1.056602,0.480139,0.636039,0.030806,0.034179,0.004738,0.029798,0.009231,0.023686,0.445796,0.482152,0.466887,0.443576,0.428056,0.409089,0.092245,0.128399,0.050332,0.199382,0.092664,0.079443
-0.03,0.35,0.11,0.07,0.27,0.16,1.62,0.98,0.78,-0.48,-1.81,-1.07,-0.03,-1.6,-0.79,-0.14,-0.69,-0.68,2.09,-1.01,-0.09,-0.83,-0.57,-0.71,0.61,0,1.35,0.75,1.81,0.21,1.04,1.7,1.13,1.15,3.96,0.82,1.75,0.99,1.26,1.12,0.78,1.49,0.6,1.05,-0.53,0.28,0.94,0.38,0.4,3.19,0.06,0.99,0.24,0.5,0.36,0.28,-0.08,0.53,0.86,-0.45,-1.57,-0.76,-0.11,-0.67,-0.65,2.12,-0.98,-0.06,-0.8,-0.54,-0.68,1.23,1.14,0.82,1.48,0.92,0.93,3.74,0.6,1.53,0.78,1.04,0.9,1.14,0.54,-0.43,0.31,0.66,0.09,0.11,2.9,-0.22,0.7,-0.05,0.22,0.08,-0.96,-0.34,-0.56,-0.54,2.23,-0.87,0.04,-0.7,-0.44,-0.58,0.3,-0.31,-0.5,0.37,0.28,0.45,0.22,0.02,2.8,-0.31,0.61,-0.14,0.12,-0.02,0.4,0.2,2.78,-0.33,0.59,-0.16,0.11,-0.03,0.09,-0.2,0.14,0.45,-2.76,0.13,0.14,-0.79,0.82,0.42,0.22,4.58,-1.08,-0.74,-0.38,-0.02,0.46,1.11,-1.12,-1.09,0.36,-1.23,0.73,-1.1,0.57,0.61,0.88,-0.43,-0.6,1.13,-2.51,-3.03,-2.13,-2.86,-2.6,-2.74,1.06,0.53,0.92,0.17,0.44,0.3,-0.39,-0.74,-0.48,-0.62,0.82,0.82,0.36,0.26,0.12,0.37,0.35,0.94,-1.4,-0.3,1.37,0.43,0.43,0.09,-0.14,0.35,0.56,0.33,0.74,0.56,0.23,0.67,0.56,0.44,1.75,4,5,154,5,3,118,309,31,73,760,100,100,1,1,1,0.683238,0.587131,0.281782,0.550476,0.378012,0.610985,0.001956,0.002391,0.000611,0.003715,0.000547,0.001402,0.872115,0.892616,0.5,0.686976,0.69823,0.795395,0.001792,0.002388,0.0004,0.022496,0.002186,0.001918,0.153941,0.223796,0.219776,0.245627,0.13201,0.183772,0.000602,0.000996,0.000833,0.001835,0.000589,0.000632,0.586446,0.724437,0.211325,0.783425,0.338626,0.464467,1.445998,3.945048,0.57735,7.644587,0.516398,0.781736,0.96024,1.058666,0.644338,1.012772,0.804633,0.886397,0.041084,0.036747,0.036027,0.045427,0.042784,0.042731,0.591556,0.698183,0.281782,0.77087,0.378012,0.480882,2.503028,9.82888,1.527525,16.651571,1.36626,1.452966,0.5,0.415221,0.211325,0.229558,0.271782,0.416667,0.000295,0.000295,0.000231,0.000431,0.000219,0.000267,0.741881,0.834038,0.211325,0.689169,0.549801,0.675293,0.001757,0.001684,0.000462,0.014945,0.001004,0.001585,0.725501,0.788252,0.533113,0.929461,0.672975,0.763523,2.217287,5.449505,1.006645,4.724915,0.867179,0.843274,0.361807,0.310428,0.211325,0.396079,0.338626,0.333333,0.014111,0.01543,0.018013,0.018764,0.016112,0.0156,0.963747,1.022976,0.644338,0.982298,0.811276,0.904864,0.095472,0.079664,0.072053,0.101221,0.092041,0.094353,1.002882,1.075266,0.750133,0.883441,0.834138,0.916742,0.222716,0.187906,0.125,0.446613,0.233886,0.250008,0.576778,0.755699,0.22265,0.820445,0.156778,0.443769,0.9877,1.143922,0.288444,1.13644,0.349628,0.652074,0.193634,0.23429,0.211325,0.186028,0.31382,0.220048,3.563281,5.253212,1.847521,8.825093,3.3122,3.13546,0.040563,0.342979,0.21323,0.657478,0.19633,0.119375,0.015417,0.028526,0.008718,0.105703,0.013721,0.016055,0.627204,0.799249,0.255736,0.884949,0.37613,0.504576,0.029153,0.040908,0.003002,0.033165,0.009822,0.014568,0.602855,0.403312,0.445446,0.331492,0.571283,0.673585,0.015394,0.021116,0.00611,0.112754,0.009352,0.015362,0.484632,0.6826,0.211355,0.842695,0.103928,0.284567,0.027655,0.033178,0.013742,0.03005,0.01355,0.01702,0.078826,0.162704,0.219776,0.212497,0.158614,0.04674,0.108823,0.134032,0.1249,0.1971,0.11961,0.105409
-0.03,0.41,0.11,0.1,0.28,0.14,1.59,0.97,0.78,-0.43,-1.72,-1.02,0.09,-1.55,-0.67,-0.08,-0.61,-0.65,2.14,-0.93,-0.02,-0.77,-0.5,-0.64,0.63,0.03,1.31,0.71,1.84,0.17,1.07,1.66,1.13,1.09,3.92,0.8,1.73,0.96,1.24,1.1,0.78,1.49,0.6,1.13,-0.53,0.36,0.95,0.42,0.38,3.19,0.09,1.01,0.25,0.53,0.39,0.28,-0.16,0.53,0.8,-0.52,-1.64,-0.76,-0.18,-0.7,-0.74,2.04,-1.03,-0.11,-0.87,-0.59,-0.73,1.21,1.14,0.9,1.49,0.95,0.92,3.74,0.62,1.55,0.79,1.07,0.92,1.2,0.38,-0.35,0.24,0.59,0.06,0.02,2.82,-0.27,0.65,-0.11,0.17,0.03,-1.06,-0.35,-0.53,-0.56,2.22,-0.85,0.06,-0.69,-0.41,-0.56,0.29,-0.29,-0.65,0.35,0.25,0.44,0.18,-0.04,2.76,-0.32,0.59,-0.16,0.11,-0.03,0.4,0.22,2.8,-0.29,0.63,-0.13,0.15,0.01,0.04,-0.29,0.14,0.43,-3.02,0.15,0.13,-0.79,0.82,0.42,0.22,4.53,-1.03,-0.74,-0.36,-0.03,0.43,1.01,-0.99,-1.09,0.34,-1.23,0.68,-1.23,0.63,0.5,1.12,-0.36,-0.55,1.07,-2.51,-3.01,-2.11,-2.85,-2.58,-2.72,1.01,0.51,0.92,0.16,0.44,0.3,-0.41,-0.75,-0.48,-0.62,0.82,0.82,0.34,0.28,0.13,0.34,0.33,0.94,-1.28,-0.5,1.2,0.43,0.42,0.07,-0.14,0.33,0.56,0.32,0.7,0.47,0.21,0.63,0.52,0.39,0.5,2,3,81.5,2,13,29,76.5,50,57,2858.5,10,10,1,1.5,2,0.460045,0.434591,0.216527,0.42479,0.08632,0.294262,0.001877,0.002293,0.001058,0.003435,0.000927,0.001296,0.765981,0.823742,0.355662,0.675274,0.592883,0.695055,0.001849,0.002484,0.000231,0.021585,0.001615,0.001937,0.337389,0.339465,0.445446,0.303456,0.338626,0.382149,0.000615,0.000986,0.000611,0.001844,0.00062,0.000566,0.413554,0.64532,0.25,0.744361,0.112543,0.144665,1.445998,3.799075,1,7.332044,0.752773,0.781736,0.987192,1.131576,0.788675,1.128859,0.822403,0.901488,0.048133,0.043311,0.018013,0.048669,0.048438,0.05189,0.575274,0.684183,0.355662,0.770284,0.409315,0.460159,2.490893,9.048981,1.732051,15.473711,1.378405,1.394433,0.5,0.427768,0.355662,0.240597,0.271782,0.333333,0.000295,0.000288,0.000231,0.000434,0.000219,0.0002,0.752281,0.856809,0.5,0.69003,0.589514,0.693017,0.001817,0.001763,0.0004,0.014132,0.000745,0.001439,0.566403,0.714402,0.235094,0.849589,0.351913,0.366369,2.133428,5.40263,1.006645,4.767502,0.90037,0.748331,0.838502,0.789576,0.644338,0.79892,0.728218,0.833333,0.015362,0.015713,0.018013,0.019027,0.017089,0.0156,1.055601,1.208549,0.788675,1.204649,0.875093,0.975649,0.119615,0.099299,0.072284,0.110927,0.12508,0.124204,1.035247,1.213999,0.772735,0.995453,0.860226,0.962257,0.291953,0.231635,0.191028,0.454706,0.303698,0.300507,0.5261,0.719078,0.318533,0.792556,0.170893,0.297292,0.893993,1.135441,0.257164,1.118021,0.283596,0.433026,0.211067,0.226659,0.355662,0.198879,0.340484,0.275043,2.941861,5.167541,1.847521,8.82813,1.671726,3.062316,-0.036926,0.167701,0.236657,0.60216,0.035262,0.033333,0.020099,0.028526,0.017088,0.102678,0.014166,0.02,0.744413,0.870395,0.772772,0.995387,0.917814,0.8289,0.027106,0.04223,0.009165,0.034418,0.008297,0.009662,0.609709,0.419768,0.355662,0.339132,0.571283,0.64174,0.015192,0.019734,0.004619,0.108655,0.009352,0.010975,0.653175,0.821333,0.628906,0.993576,0.600264,0.561525,0.024373,0.033001,0.013188,0.03099,0.009475,0.012461,0.152548,0.162704,0.355662,0.213704,0.227075,0.156527,0.113924,0.134032,0.103923,0.197566,0.097707,0.122927
0.01,0.41,0.04,0.06,0.3,0.18,1.62,0.97,0.81,-0.43,-1.76,-1.02,0.09,-1.53,-0.69,-0.1,-0.68,-0.66,2.14,-0.98,-0.04,-0.85,-0.46,-0.69,0.63,0.07,1.35,0.75,1.88,0.23,1.09,1.69,1.1,1.12,3.97,0.79,1.75,0.93,1.32,1.09,0.73,1.49,0.6,1.12,-0.52,0.33,0.93,0.34,0.37,3.19,0.04,0.99,0.17,0.56,0.34,0.28,-0.12,0.53,0.86,-0.52,-1.62,-0.78,-0.19,-0.77,-0.74,2.05,-1.07,-0.13,-0.93,-0.55,-0.77,1.21,1.12,0.86,1.46,0.87,0.89,3.73,0.56,1.52,0.7,1.09,0.86,1.23,0.51,-0.39,0.26,0.59,0.01,0.04,2.85,-0.29,0.65,-0.16,0.23,0.01,-0.96,-0.33,-0.58,-0.55,2.24,-0.88,0.06,-0.75,-0.36,-0.58,0.3,-0.29,-0.58,0.39,0.25,0.5,0.25,0.03,2.84,-0.3,0.64,-0.17,0.22,0,0.46,0.23,2.81,-0.33,0.62,-0.2,0.19,-0.03,0,-0.26,0.12,0.49,-2.86,0.15,0.14,-0.93,0.98,0.5,0.17,4.58,-1.14,-0.8,-0.4,0.03,0.46,1.13,-1.12,-1.1,0.38,-1.53,0.77,-1.15,0.59,0.67,0.63,-0.6,-0.72,1.13,-2.51,-3.05,-2.13,-2.92,-2.55,-2.76,1.14,0.56,0.95,0.13,0.52,0.3,-0.39,-0.81,-0.42,-0.64,0.85,0.85,0.42,0.39,0.16,0.39,0.37,0.94,-1.46,-0.35,1.33,0.48,0.45,0.03,-0.22,0.43,0.64,0.27,0.72,0.44,0.26,0.71,0.56,0.46,-0.166666,6,3,52.5,2,13,29,76.5,50,62.5,1103,10,10,1,1.5,2,0.523471,0.540755,0.5,0.475155,0.327974,0.399313,0.00142,0.002147,0.0008,0.003354,0.000969,0.001104,0.769324,0.840566,0.644338,0.672202,0.620955,0.7,0.001887,0.002581,0.000231,0.020869,0.000689,0.002,0.636386,0.551787,0.772772,0.418684,0.610702,0.69118,0.000611,0.000965,0.000611,0.001819,0.000602,0.000581,0.943203,0.813662,0.772772,0.837673,0.857548,0.95733,1.128152,3.852347,1.527525,7.141397,1.048809,0.971825,0.772936,0.9039,0.355662,0.941824,0.610764,0.706211,0.050164,0.045989,0.018013,0.050143,0.047097,0.046339,1.166712,0.872509,0.788675,0.889936,0.965536,1.086894,2.812311,9.060185,4.618802,15.079914,3.311596,2.934469,0.468838,0.440643,0.5,0.251141,0.271782,0.333333,0.000267,0.000281,0,0.000435,0.000219,0.0002,0.901428,1.007979,0.783473,0.710428,0.947572,0.873535,0.001806,0.001952,0.001058,0.013722,0.000745,0.001458,0.85912,0.798698,0.75,0.948983,0.838042,0.942269,1.601136,5.440269,1.2,4.886042,1.035374,0.979796,0.330749,0.29316,0.355662,0.388972,0.271782,0.333333,0.015362,0.015713,0.018013,0.019027,0.017089,0.0156,0.749891,0.856786,0.355662,0.901781,0.570849,0.678052,0.125055,0.103995,0.072284,0.112593,0.110094,0.117007,0.770834,0.901722,0.355662,0.849988,0.605676,0.70398,0.307753,0.246387,0.144338,0.440932,0.295872,0.289462,0.545421,0.742201,0.764906,0.826011,0.374637,0.355335,0.733873,1.145744,0.100664,1.1017,0.292484,0.360986,0.333769,0.288706,0.788675,0.243054,0.477937,0.409897,3.007868,5.206017,0.69282,8.732393,1.51085,2.836273,0.256551,0.337305,0.644338,0.642927,0.427529,0.328096,0.020538,0.028171,0.011547,0.100357,0.013799,0.019391,0.569337,0.757951,0.393314,0.868832,0.381675,0.407178,0.021513,0.042256,0.009686,0.035252,0.006338,0.008978,0.5711,0.384668,0.211325,0.337363,0.271782,0.5,0.014065,0.018786,0.002309,0.104271,0.004382,0.008718,0.614134,0.790135,0.636249,0.958704,0.594233,0.504112,0.020955,0.032973,0.012477,0.031911,0.009197,0.010809,0.268997,0.274618,0.788675,0.289628,0.390715,0.323938,0.110028,0.134032,0.034641,0.197566,0.09913,0.119907
-0.25,0.38,0.12,0.07,0.32,0.15,1.62,1.01,0.78,-0.43,-1.74,-1.02,0.12,-1.59,-0.64,-0.04,-0.65,-0.66,2.23,-1.03,-0.04,-0.83,-0.46,-0.64,0.67,0.03,1.33,0.73,1.89,0.15,1.12,1.72,1.11,1.1,4.04,0.72,1.72,0.92,1.3,1.12,0.73,1.49,0.6,1.15,-0.58,0.38,0.99,0.38,0.37,3.29,-0.01,0.99,0.19,0.56,0.39,0.31,-0.04,0.45,0.8,-0.55,-1.71,-0.76,-0.16,-0.77,-0.77,2.11,-1.15,-0.16,-0.95,-0.58,-0.76,1.25,1.18,0.97,1.57,0.96,0.95,3.89,0.57,1.57,0.77,1.15,0.97,1.2,0.45,-0.39,0.21,0.6,-0.01,-0.01,2.89,-0.39,0.6,-0.19,0.18,0,-1,-0.39,-0.6,-0.61,2.28,-0.99,0,-0.79,-0.42,-0.6,0.3,-0.4,-0.61,0.37,0.24,0.51,0.22,-0.01,2.9,-0.38,0.61,-0.19,0.18,0.01,0.45,0.23,2.91,-0.38,0.62,-0.18,0.19,0.02,-0.05,-0.26,0.12,0.44,-2.86,0.15,0.14,-0.94,0.97,0.5,0.22,4.59,-1.21,-0.74,-0.38,-0.09,0.42,1.1,-1.07,-1.1,0.37,-1.46,0.73,-1.07,0.55,0.59,0.62,-0.46,-0.6,1.31,-2.61,-3.19,-2.23,-3,-2.64,-2.81,1.12,0.6,1,0.2,0.57,0.39,-0.39,-0.79,-0.42,-0.6,0.85,0.82,0.41,0.37,0.2,0.38,0.35,0.99,-1.41,-0.35,1.42,0.48,0.45,0.03,-0.18,0.39,0.65,0.27,0.74,0.44,0.21,0.76,0.54,0.41,0.5,4,3,102.625,2,13,29,76.5,50,54.625,3247.375,21,21,1,1.5,2,0.412305,0.5198,0.5,0.440305,0.29478,0.220419,0.001235,0.001894,0.0004,0.003315,0.001056,0.000874,0.72785,0.857185,0.644338,0.66476,0.555351,0.657243,0.001902,0.002496,0.000231,0.020042,0.000301,0.001908,0.5,0.473664,0.5,0.371475,0.471693,0.478116,0.000566,0.000791,0.0004,0.001783,0.000589,0.000508,0.455553,0.667559,0.445446,0.758663,0.380817,0.403775,0.937437,3.730019,1.527525,6.987038,1.048809,0.866025,0.593613,0.717176,0.25,0.775161,0.338626,0.519552,0.048961,0.046602,0.0312,0.049797,0.032223,0.045463,0.950729,0.824838,0.614708,0.856744,0.770338,0.875206,3.143054,8.69022,4.358899,15.198203,3.544949,3.25747,0.427831,0.454022,0.5,0.261248,0.338626,0.333333,0.000231,0.000272,0,0.000436,0.000207,0.0002,0.748732,0.870874,0.5,0.688467,0.620955,0.706239,0.001742,0.002056,0.0008,0.013221,0.000689,0.001131,0.758021,0.742245,0.554554,0.888205,0.598821,0.691023,1.001211,5.314868,1.22202,5.017749,1.011929,0.988826,0.783211,0.789576,0.644338,0.791744,0.661374,0.763523,0.016066,0.015713,0.018013,0.018381,0.016112,0.016444,0.711468,0.825767,0.355662,0.886972,0.499789,0.638565,0.123147,0.107899,0.072284,0.111857,0.079057,0.112743,0.64349,0.753749,0.281707,0.771464,0.377845,0.563429,0.308327,0.251331,0.191028,0.426798,0.170822,0.27327,0.59604,0.770609,0.757222,0.862662,0.632649,0.496773,0.564001,1.164041,0.220303,1.116743,0.25129,0.344351,0.126257,0.138901,0.227228,0.152748,0.120654,0.186878,3.299954,5.411716,1.83303,8.64525,2.152828,3.122677,0.080275,0.133363,0.318533,0.575442,0.175751,0.124304,0.023031,0.028639,0.012858,0.098033,0.016705,0.020111,0.626312,0.772185,0.473793,0.898944,0.605588,0.57264,0.013657,0.042235,0.007632,0.036121,0.006472,0.009025,0.384374,0.244972,0.219776,0.315305,0.07621,0.155876,0.013694,0.018299,0.008327,0.099488,0.007866,0.008718,0.494919,0.727856,0.21323,0.894848,0.442011,0.379637,0.01476,0.032824,0.003487,0.032349,0.009197,0.010893,0.00717,-0.015321,0.223933,0.059549,0.141288,0.08196,0.140346,0.149179,0.102632,0.204336,0.137064,0.143527
-0.24,0.4,0.12,0.08,0.34,0.15,1.66,0.98,0.78,-0.38,-1.69,-0.88,0.15,-1.57,-0.54,-0.04,-0.56,-0.59,2.43,-1.03,0.03,-0.79,-0.35,-0.61,0.63,0.06,1.33,0.83,1.88,0.12,1.17,1.68,1.15,1.12,4.19,0.68,1.75,0.92,1.37,1.1,0.73,1.41,0.5,1.04,-0.7,0.34,0.85,0.32,0.29,3.33,-0.15,0.91,0.09,0.53,0.27,0.34,-0.04,0.45,0.8,-0.53,-1.72,-0.69,-0.19,-0.71,-0.74,2.27,-1.18,-0.12,-0.94,-0.5,-0.76,1.24,1.21,1.04,1.56,1.03,1,4.06,0.55,1.63,0.8,1.24,0.98,1.23,0.35,-0.27,0.16,0.51,-0.02,-0.04,2.99,-0.49,0.58,-0.24,0.2,-0.07,-0.93,-0.35,-0.53,-0.55,2.46,-0.99,0.06,-0.75,-0.31,-0.57,0.3,-0.32,-0.58,0.36,0.22,0.48,0.18,-0.02,3.01,-0.47,0.59,-0.22,0.22,-0.05,0.44,0.21,3.03,-0.44,0.62,-0.2,0.24,-0.02,-0.13,-0.33,0.07,0.43,-2.67,0.15,0.14,-0.91,0.94,0.48,0.29,4.55,-1.3,-0.77,-0.38,-0.11,0.46,1.05,-1.03,-0.99,0.35,-1.38,0.69,-1.04,0.53,0.53,0.75,-0.4,-0.51,1.32,-2.74,-3.37,-2.34,-3.14,-2.71,-2.96,1.04,0.65,1.07,0.25,0.69,0.42,-0.41,-0.81,-0.38,-0.64,0.82,0.85,0.41,0.44,0.18,0.38,0.33,0.94,-1.41,-0.3,1.31,0.47,0.43,-0.03,-0.26,0.35,0.65,0.3,0.77,0.38,0.23,0.76,0.52,0.43,0,5,3,91,2,13,29,76.5,50,40,2831,8,8,1,1.5,2,0.382593,0.51544,0.355662,0.432524,0.349718,0.276393,0.001136,0.001889,0.000231,0.003242,0.000776,0.000894,0.737411,0.859492,0.788675,0.662702,0.887457,0.682333,0.001895,0.002608,0.000231,0.019092,0.000301,0.001402,0.706527,0.606914,0.644338,0.43461,0.697642,0.649376,0.000525,0.000779,0.000231,0.001752,0.000506,0.000521,0.188868,0.583535,0.281782,0.715586,0.250509,0.185586,0.937437,2.992745,1.527525,6.74034,1.169045,0.971825,0.417848,0.549801,0.25,0.618524,0.096564,0.311633,0.047169,0.046602,0.0312,0.049797,0.032223,0.041349,0.746276,0.77667,0.227228,0.811915,0.585028,0.681974,3.21455,7.115889,1.527525,15.061517,3.430258,3.35824,-0.005181,0.122417,0.211325,0.058306,0.104715,0.041667,0.000231,0.000287,0.000231,0.000448,0.000253,0.000267,0.660405,0.800786,0.281782,0.673642,0.475809,0.574536,0.001559,0.001995,0.000611,0.012682,0.000689,0.000894,0.426569,0.676316,0.235094,0.814114,0.266181,0.387633,0.907878,4.608216,1.006645,5.080431,0.926643,0.988826,0.783211,0.789576,0.644338,0.786,0.661374,0.710818,0.016066,0.015713,0.018013,0.017614,0.016112,0.016444,0.432276,0.536608,0.211325,0.608044,0.105137,0.33621,0.114681,0.107899,0.072053,0.111857,0.079057,0.105759,0.61273,0.738319,0.355662,0.76157,0.321725,0.527876,0.276989,0.256676,0.072284,0.420546,0.146216,0.248319,0.653438,0.78524,0.731793,0.87877,0.811206,0.716295,0.380175,1.121862,0.201329,1.140202,0.240998,0.246577,0.340212,0.224527,0.554554,0.230094,0.454502,0.418283,3.076992,5.097285,1.83303,8.390264,1.831575,1.76761,0.165141,0.122816,0.374843,0.572635,0.285311,0.188523,0.023269,0.027065,0.013317,0.095512,0.015526,0.016944,0.763409,0.787148,0.75,0.929103,0.746464,0.81641,0.008858,0.041544,0.0064,0.036957,0.0071,0.007726,0.081421,0.117058,0.25,0.291968,0.091752,0.050728,0.011547,0.018497,0.012,0.095438,0.013064,0.011624,0.405621,0.701013,0.31632,0.867583,0.450255,0.389294,0.010772,0.032709,0.00363,0.033116,0.008711,0.007728,0.110571,-0.001418,0.355662,0.081523,0.227713,0.146221,0.159421,0.152484,0.11547,0.210834,0.12242,0.131909
-0.6,0.4,0.08,0.08,0.35,0.15,1.64,0.98,0.78,-0.34,-1.64,-0.83,0.26,-1.58,-0.5,0.03,-0.5,-0.55,2.43,-1.05,0.03,-0.67,-0.3,-0.54,0.64,0.07,1.33,0.83,1.93,0.06,1.17,1.7,1.16,1.12,4.14,0.6,1.7,0.99,1.36,1.12,0.73,1.34,0.5,1.1,-0.76,0.34,0.86,0.33,0.28,3.28,-0.23,0.87,0.16,0.53,0.29,0.21,-0.04,0.45,0.8,-0.59,-1.84,-0.75,-0.23,-0.76,-0.8,2.16,-1.31,-0.23,-0.93,-0.56,-0.8,1.24,1.27,1.1,1.64,1.1,1.05,4.07,0.54,1.64,0.92,1.3,1.05,1.23,0.27,-0.2,0.16,0.53,-0.01,-0.05,2.94,-0.56,0.53,-0.18,0.2,-0.05,-0.91,-0.36,-0.53,-0.58,2.4,-1.08,0,-0.7,-0.33,-0.57,0.3,-0.35,-0.58,0.36,0.23,0.52,0.17,-0.04,2.94,-0.55,0.54,-0.17,0.2,-0.04,0.35,0.21,2.99,-0.51,0.58,-0.13,0.25,0,-0.14,-0.44,0.08,0.42,-2.63,0.15,0.13,-0.93,0.95,0.49,0.24,4.63,-1.39,-0.8,-0.38,-0.26,0.42,1.08,-1.07,-1,0.36,-1.38,0.73,-0.99,0.5,0.46,0.69,-0.36,-0.45,1.42,-2.7,-3.4,-2.34,-3.03,-2.66,-2.9,1.06,0.73,1.09,0.38,0.76,0.51,-0.37,-0.7,-0.33,-0.57,0.85,0.82,0.34,0.37,0.13,0.37,0.34,0.93,-1.41,-0.31,1.42,0.45,0.46,-0.03,-0.24,0.35,0.66,0.32,0.69,0.44,0.21,0.78,0.61,0.46,1,5,0,0,0,0,0,0,0,0,0,0,0,0,0,0,0.260643,0.462503,0.211325,0.396558,0.278596,0.227834,0.001044,0.001889,0.000231,0.003202,0.000602,0.00098,0.459369,0.651876,0.216527,0.629059,0.024133,0.090706,0.001846,0.002497,0.001058,0.017967,0.0007,0.00076,0.826574,0.726486,0.75,0.49759,0.811376,0.770833,0.000561,0.000791,0.0004,0.001729,0.000589,0.000533,0.722237,0.764935,0.75,0.78171,0.678208,0.666667,0.937437,2.359071,1,6.544853,1.169045,1,0.212043,0.38028,0.249471,0.459879,0.131142,0.174214,0.043149,0.046602,0.0314,0.049797,0.046043,0.045463,0.772291,0.862305,0.5,0.816804,0.618967,0.705277,3.366502,5.175192,1,14.894844,3.50238,3.382964,0.094899,0.153891,0.355662,0.081678,0.177251,0.144665,0.000267,0.000289,0.000231,0.000458,0.000207,0.000313,0.493716,0.683723,0.227228,0.650804,0.263842,0.248741,0.001326,0.001973,0.000611,0.012019,0.000776,0.000663,0.225559,0.624681,0.268207,0.763646,0.200063,0.185373,0.941308,3.542373,1.006645,5.120505,1.055778,0.988826,0.297707,0.310428,0.211325,0.343161,0.271782,0.236477,0.016066,0.01543,0.018013,0.017614,0.017089,0.016444,0.400629,0.530667,0.355662,0.604937,0.223433,0.304886,0.104407,0.107471,0.072053,0.112051,0.09407,0.097721,0.468924,0.606802,0.211325,0.679869,0.195199,0.383175,0.25073,0.256238,0.072053,0.405527,0.170822,0.237583,0.781575,0.812246,0.764906,0.911043,0.869274,0.846688,0.334429,1.11691,0.201329,1.152555,0.324962,0.288444,0.280012,0.180893,0.5,0.204942,0.338626,0.270718,2.916827,5.235968,1.2,8.268161,1.239355,1.841497,0.347235,0.221478,0.78677,0.601177,0.597973,0.427507,0.022093,0.025133,0.008718,0.092557,0.011057,0.016093,0.673733,0.754805,0.561085,0.899845,0.629258,0.715981,0.008346,0.040587,0.003274,0.03789,0.007221,0.006328,0.168024,0.198987,0.445446,0.308293,0.257939,0.16408,0.011547,0.018964,0.00611,0.090307,0.012394,0.012238,0.606802,0.755413,0.786927,0.919012,0.729673,0.710233,0.009597,0.032594,0.00546,0.034038,0.008853,0.007769,-0.021543,-0.184524,0.211325,-0.120686,0.068403,0.02356,0.198929,0.185652,0.127017,0.226396,0.152534,0.187735
-0.49,0.38,0.04,0.07,0.44,0.19,1.62,1.01,0.9,-0.38,-1.84,-0.97,0.13,-1.64,-0.57,-0.05,-0.62,-0.6,2.38,-1.2,0.1,-0.72,-0.42,-0.65,0.76,0.1,1.48,0.88,2.01,0.2,1.29,1.82,1.24,1.27,4.29,0.66,1.97,1.14,1.45,1.21,0.79,1.49,0.6,1.12,-0.68,0.41,0.93,0.36,0.38,3.38,-0.22,1.08,0.26,0.56,0.33,0.25,-0.04,0.45,0.91,-0.52,-1.78,-0.7,-0.18,-0.76,-0.73,2.24,-1.33,-0.04,-0.85,-0.55,-0.78,1.28,1.28,1.09,1.62,1.04,1.06,4.09,0.46,1.77,0.94,1.25,1.01,1.2,0.44,-0.35,0.19,0.52,-0.05,-0.03,2.96,-0.63,0.67,-0.15,0.15,-0.08,-0.89,-0.34,-0.58,-0.55,2.43,-1.15,0.14,-0.67,-0.37,-0.6,0.31,-0.26,-0.43,0.41,0.26,0.54,0.24,0.03,3.02,-0.58,0.72,-0.1,0.21,-0.03,0.4,0.21,2.99,-0.6,0.7,-0.13,0.18,-0.06,-0.09,-0.37,0.09,0.46,-2.52,0.18,0.13,-0.99,1.01,0.52,0.25,4.75,-1.64,-0.86,-0.43,-0.2,0.46,1.2,-1.16,-1.19,0.4,-1.58,0.79,-0.94,0.46,0.67,0.5,-0.5,-0.66,1.7,-2.7,-3.49,-2.23,-3.03,-2.73,-2.96,1.17,0.82,1.31,0.48,0.79,0.55,-0.48,-0.82,-0.51,-0.75,0.91,0.93,0.34,0.31,0.07,0.42,0.38,0.95,-1.53,-0.2,1.42,0.51,0.47,0.03,-0.23,0.41,0.7,0.33,0.73,0.44,0.27,0.76,0.62,0.51,0,1,5,72,2,6,157,390,55,59.5,224.5,87.5,87.5,3,1,2,0.996568,0.930264,0.787188,0.669519,0.998019,0.946949,0.001124,0.001917,0.001973,0.003171,0.001372,0.001293,1.061791,1.139823,0.774881,0.714827,0.984715,1.127258,0.002403,0.00293,0.003274,0.016729,0.002201,0.001771,0.918579,0.872128,0.75,0.561096,0.853553,0.855335,0.000577,0.000761,0.0004,0.001705,0.000566,0.000625,0.897341,0.838516,0.718218,0.813912,0.772054,0.819458,0.996205,2.400181,1.527525,6.288252,1.378405,1.130388,0.016579,0.045531,0.227528,0.160075,0.114242,0.009886,0.053921,0.046602,0.047834,0.050814,0.067573,0.058512,0.947376,0.998058,0.783473,0.872636,0.79361,0.881158,3.725425,5.354126,2.645751,14.619949,3.405877,3.643869,0.468838,0.515091,0.788675,0.308379,0.661374,0.5,0.000267,0.000276,0.000231,0.000457,0.000207,0.000283,1.152691,1.164827,0.785714,0.756065,0.975399,1.115921,0.001724,0.002382,0.0028,0.011285,0.001893,0.001606,0.80165,0.773519,0.772772,0.862627,0.716941,0.734734,0.99453,3.442783,1.22202,5.216558,1.152389,1.041367,0.297707,0.310428,0.355662,0.343161,0.271782,0.236477,0.016066,0.01543,0.018013,0.017614,0.017089,0.016444,0.137547,0.250098,0.211325,0.325601,0.142313,0.058815,0.111394,0.10946,0.072284,0.112051,0.13112,0.110233,0.326561,0.473847,0.249867,0.594493,0.185485,0.13669,0.240382,0.249971,0.125,0.392468,0.215358,0.181663,0.946388,0.865638,0.768055,0.970564,0.88391,0.973644,0.382702,1.13956,0.323316,1.177223,0.447154,0.389416,0.473196,0.294492,0.731793,0.274159,0.700401,0.536155,2.798051,5.210664,1.006645,8.099365,1.330664,1.843909,0.47186,0.294994,0.724507,0.61468,0.778847,0.582381,0.019249,0.024796,0.011136,0.089198,0.011057,0.014836,0.821908,0.776905,0.77803,0.927773,0.787504,0.866437,0.009086,0.039905,0.003717,0.039039,0.006493,0.007459,0.267583,0.262195,0.75,0.323854,0.395343,0.295683,0.011832,0.017171,0.004,0.083619,0.011147,0.012508,0.863223,0.827418,0.760669,0.983113,0.952292,0.928655,0.010737,0.032744,0.011637,0.0354,0.008328,0.010083,0.153366,0.000368,0.455099,0.000128,0.286068,0.21079,0.209154,0.205151,0.111355,0.236727,0.159708,0.199778
-0.36,0.47,0.04,0.07,0.47,0.15,1.59,0.98,0.87,-0.38,-1.8,-0.97,0.15,-1.54,-0.61,-0.13,-0.6,-0.58,2.52,-1.31,0.1,-0.8,-0.38,-0.66,0.8,0.2,1.44,0.84,1.98,0.26,1.21,1.7,1.22,1.24,4.4,0.49,1.93,1.01,1.44,1.16,0.78,1.41,0.6,1.14,-0.58,0.37,0.85,0.38,0.4,3.53,-0.34,1.09,0.17,0.6,0.32,0.21,-0.08,0.45,0.91,-0.53,-1.69,-0.76,-0.28,-0.75,-0.73,2.37,-1.46,-0.05,-0.95,-0.53,-0.81,1.26,1.18,0.95,1.44,0.96,0.98,4.13,0.23,1.67,0.75,1.18,0.9,1.26,0.48,-0.38,0.22,0.48,0.01,0.02,3.15,-0.71,0.71,-0.2,0.22,-0.06,-0.73,-0.25,-0.47,-0.45,2.65,-1.19,0.23,-0.67,-0.25,-0.53,0.31,-0.17,-0.43,0.39,0.25,0.51,0.22,0.02,3.14,-0.72,0.7,-0.2,0.22,-0.06,0.45,0.2,3.12,-0.74,0.69,-0.22,0.2,-0.08,-0.09,-0.33,0.11,0.45,-2.17,0.17,0.1,-0.88,0.94,0.49,0.28,4.69,-1.89,-0.81,-0.4,-0.14,0.42,1.14,-1.12,-1.09,0.38,-1.38,0.75,-1.1,0.54,0.58,0.56,-0.46,-0.66,1.99,-2.83,-3.74,-2.36,-3.24,-2.83,-3.1,1.12,0.94,1.43,0.52,0.94,0.66,-0.48,-0.9,-0.48,-0.76,0.91,0.91,0.42,0.42,0.14,0.39,0.37,0.94,-1.41,-0.15,1.44,0.51,0.49,0,-0.28,0.37,0.66,0.33,0.71,0.44,0.28,0.84,0.72,0.48,0.2,5,1,162,1,4,19,30,68,61,127,100,100,1,1,1,1.114719,1.128484,0.731793,0.842588,0.92897,1.043239,0.001749,0.002208,0.00302,0.003205,0.002409,0.002004,0.988092,1.064627,0.657243,0.719984,0.830424,0.949421,0.002544,0.003336,0.003816,0.015314,0.002825,0.002398,1.024404,1.05634,0.772772,0.687814,0.919263,0.965551,0.000763,0.000846,0.000611,0.001664,0.000716,0.000835,0.625,0.715558,0.355662,0.770167,0.535642,0.598295,1,2.367886,0.57735,5.95696,1.169045,1.130388,0.30589,0.387759,0.644338,0.470243,0.404232,0.299387,0.053921,0.046774,0.036027,0.050689,0.05482,0.060813,0.590671,0.74385,0.311018,0.780567,0.263842,0.508152,3.676296,5.296978,2.645751,14.071184,1.94079,3.407508,0.468838,0.531862,0.644338,0.316055,0.661374,0.546225,0.000267,0.000262,0.000231,0.000442,0.000207,0.00024,0.85312,0.944608,0.562578,0.719709,0.689228,0.788539,0.001746,0.002568,0.002663,0.010336,0.001938,0.001771,0.583998,0.701355,0.554554,0.810266,0.5,0.511474,0.99209,3.186748,1.22202,5.264305,1.043072,0.968389,0.297707,0.310428,0,0.343161,0.338626,0.289181,0.016066,0.01543,0,0.017614,0.016112,0.016444,0.277591,0.403732,0.499468,0.461729,0.317582,0.232467,0.111394,0.108551,0.0626,0.111486,0.100136,0.116954,0.430052,0.599062,0.644338,0.666514,0.381025,0.308987,0.223022,0.249971,0.072284,0.37941,0.13112,0.181663,1.11073,0.959097,0.768612,1.07168,0.919332,1.018825,0.530786,1.191651,0.546016,1.225555,0.624009,0.614636,1.114791,0.621326,0.781078,0.481049,0.968578,1.055398,2.521183,4.911005,4.387862,7.805286,3.343451,2.800794,0.675355,0.391563,0.758727,0.634852,0.822749,0.78009,0.01497,0.024592,0.009018,0.085742,0.013426,0.013884,1.028355,0.824538,0.768055,0.976987,0.912237,0.983657,0.010804,0.039749,0.009699,0.040611,0.01031,0.010131,0.113487,0.099173,0.227228,0.28984,0.214759,0.164757,0.013152,0.015905,0.00611,0.076826,0.009933,0.014252,0.494309,0.676555,0.29984,0.842448,0.434472,0.503337,0.008786,0.032285,0.009159,0.036033,0.008393,0.009988,0.327466,0.17689,0.764906,0.141539,0.517418,0.401791,0.185954,0.208262,0.100664,0.242065,0.143527,0.169706
-0.15,0.45,0.04,0.08,0.58,0.18,1.56,1.01,0.88,-0.34,-1.75,-0.88,0.2,-1.45,-0.62,-0.16,-0.58,-0.56,2.2,-1.38,0.14,-0.69,-0.3,-0.61,0.84,0.24,1.44,0.89,1.98,0.3,1.15,1.62,1.19,1.21,4.02,0.37,1.93,1.08,1.47,1.16,0.81,1.41,0.55,1.09,-0.58,0.26,0.73,0.3,0.32,3.1,-0.51,1.03,0.19,0.58,0.27,0.23,-0.01,0.45,0.97,-0.53,-1.65,-0.82,-0.35,-0.77,-0.76,1.99,-1.58,-0.05,-0.89,-0.5,-0.81,1.28,1.14,0.85,1.32,0.89,0.91,3.7,0.07,1.62,0.78,1.17,0.85,1.26,0.33,-0.23,0.29,0.47,0.04,0.06,2.83,-0.77,0.77,-0.07,0.32,0.01,-0.61,-0.18,-0.42,-0.4,2.36,-1.23,0.3,-0.53,-0.15,-0.46,0.31,-0.12,-0.29,0.39,0.26,0.53,0.24,0.02,2.79,-0.81,0.72,-0.11,0.28,-0.04,0.4,0.23,2.77,-0.83,0.71,-0.13,0.26,-0.05,-0.18,-0.39,0.1,0.48,-1.74,0.18,0.13,-0.9,0.94,0.47,0.22,4.69,-2.14,-0.8,-0.43,-0.06,0.42,1.2,-1.16,-1.18,0.39,-1.38,0.8,-1.04,0.54,0.69,0.46,-0.53,-0.71,2.19,-2.48,-3.5,-2.01,-2.82,-2.44,-2.75,1.17,1.06,1.55,0.7,1.1,0.78,-0.48,-0.83,-0.45,-0.76,0.94,0.93,0.36,0.39,0.08,0.38,0.39,0.94,-1.45,-0.1,1.42,0.55,0.63,-0.03,-0.31,0.4,0.63,0.3,0.66,0.42,0.28,0.93,0.95,0.48,0.666666,3,0,0,0,0,0,0,0,0,0,0,0,0,0,0,1.009808,1.113061,0.70016,0.884986,0.823446,0.93662,0.002272,0.002522,0.001665,0.003263,0.00304,0.002647,1.040702,1.122735,0.786147,0.764594,0.835555,0.953877,0.002959,0.00374,0.001514,0.01374,0.003626,0.003207,1.041603,1.137067,0.75,0.81972,0.883482,0.956074,0.000985,0.001007,0.0008,0.001623,0.001043,0.001145,0.81063,0.800361,0.644338,0.811063,0.749491,0.772166,1.073087,2.288915,0.57735,5.59239,1.169045,1.224745,0.207152,0.241207,0.5,0.323291,0.323149,0.239579,0.057908,0.047899,0.0312,0.050825,0.044293,0.063444,0.629558,0.767428,0.405509,0.791095,0.433185,0.558116,3.537676,5.336333,2.645751,13.598081,1.870829,3.34581,0.468838,0.551031,0.5,0.324205,0.661374,0.625988,0.000267,0.000245,0,0.000438,0.000207,0.000176,0.801668,0.899789,0.355662,0.719996,0.648232,0.732291,0.001713,0.002731,0.000924,0.009385,0.002024,0.001865,0.826188,0.783126,0.718218,0.850152,0.787612,0.794174,0.996357,2.943329,0.61101,5.354815,1.043072,1.019804,0.297707,0.326945,0,0.343161,0.338626,0.333333,0.016066,0.015024,0,0.017614,0.016112,0.0156,0.277591,0.409948,0.644338,0.458597,0.377678,0.28462,0.111394,0.10878,0.036027,0.110901,0.08543,0.121078,0.548232,0.71572,0.749867,0.74361,0.704026,0.480734,0.215452,0.253395,0.125,0.360686,0.102029,0.181663,1.037817,0.984773,0.725879,1.10394,0.862846,0.946551,0.712758,1.241131,0.546016,1.283241,0.753304,0.823596,1.093303,0.826099,0.723762,0.606078,0.89365,1.022042,3.736146,4.689272,5.064912,7.58092,5.250016,4.299354,0.742156,0.44755,0.708013,0.638897,0.798042,0.852113,0.01497,0.023435,0.007211,0.08182,0.015937,0.013884,1.024002,0.843851,0.726816,0.99062,0.875668,0.941581,0.012452,0.039019,0.009699,0.042383,0.011979,0.013034,0.688445,0.605415,0.768055,0.401686,0.941942,0.765394,0.013266,0.01581,0.016166,0.068658,0.011314,0.012979,1.115034,0.919255,0.753543,1.053449,0.938236,1.02229,0.013766,0.032906,0.018406,0.03782,0.016353,0.015913,0.477191,0.31354,0.742091,0.248044,0.797179,0.609399,0.182674,0.199998,0.110151,0.243511,0.109362,0.137113
-0.15,0.46,0.12,0.08,0.47,0.17,1.54,1.01,0.87,-0.34,-1.75,-0.83,0.18,-1.5,-0.62,-0.18,-0.55,-0.56,2.23,-1.36,0.12,-0.75,-0.23,-0.59,0.8,0.24,1.44,0.94,1.97,0.26,1.15,1.6,1.22,1.22,4.06,0.4,1.91,1.02,1.55,1.18,0.78,1.41,0.5,1.02,-0.67,0.21,0.65,0.28,0.27,3.09,-0.54,0.96,0.08,0.6,0.24,0.24,-0.04,0.45,0.91,-0.52,-1.68,-0.8,-0.36,-0.73,-0.74,2.05,-1.54,-0.06,-0.93,-0.42,-0.77,1.26,1.18,0.89,1.34,0.96,0.95,3.79,0.14,1.64,0.75,1.28,0.92,1.26,0.24,-0.12,0.29,0.44,0.07,0.06,2.87,-0.75,0.75,-0.14,0.39,0.03,-0.56,-0.16,-0.37,-0.38,2.42,-1.18,0.3,-0.58,-0.05,-0.41,0.32,-0.13,-0.29,0.39,0.23,0.55,0.22,-0.01,2.8,-0.81,0.68,-0.2,0.32,-0.04,0.46,0.23,2.81,-0.81,0.69,-0.2,0.33,-0.03,-0.18,-0.41,0.1,0.5,-1.7,0.18,0.14,-0.96,0.99,0.51,0.22,4.75,-2.08,-0.74,-0.38,-0.06,0.42,1.18,-1.12,-1.19,0.38,-1.46,0.77,-1.23,0.62,0.64,0.5,-0.5,-0.71,2.07,-2.51,-3.52,-2.07,-2.92,-2.41,-2.76,1.13,1.04,1.5,0.61,1.14,0.78,-0.46,-0.88,-0.36,-0.71,0.91,0.93,0.42,0.52,0.16,0.36,0.37,0.96,-1.2,-0.15,1.09,0.53,0.64,-0.1,-0.36,0.39,0.66,0.27,0.6,0.42,0.26,0.91,0.98,0.48,1.333333,3,1,162,1,4,18,27,68,65,98,75,75,1,1,1,0.844675,0.967219,0.355662,0.809761,0.683906,0.785495,0.002514,0.002729,0.000462,0.003289,0.002991,0.002919,0.901959,1.026298,0.603695,0.772259,0.718932,0.822428,0.003276,0.003943,0.001286,0.011761,0.00373,0.003584,0.785332,0.920622,0.355662,0.71085,0.630874,0.730521,0.001051,0.000951,0.000462,0.001561,0.000891,0.00106,0.559225,0.680382,0.355662,0.760092,0.5,0.546225,1.05529,2.021174,0.57735,5.366695,1.095445,1.20185,0.229778,0.259644,0.355662,0.331343,0.380726,0.291567,0.060352,0.048851,0.018013,0.050349,0.032837,0.062583,0.795468,0.876216,0.780224,0.838635,0.753473,0.738975,3.384456,5.316095,2.081666,13.165612,2.136976,2.905933,0.5,0.551031,0.5,0.332216,0.661374,0.625988,0.000241,0.000245,0,0.000435,0.000207,0.000176,0.918149,0.979779,0.788675,0.776388,0.742357,0.841983,0.001933,0.002918,0.000924,0.008103,0.002201,0.002014,0.602062,0.703363,0.445446,0.800391,0.595871,0.586427,0.979796,2.663549,0.61101,5.437354,1.043072,1.028483,0.297707,0.342955,0,0.323432,0.397938,0.333333,0.016066,0.014486,0,0.016566,0.012737,0.0156,0.403617,0.561042,0.788675,0.597084,0.704319,0.441151,0.10773,0.107371,0.036258,0.111051,0.051145,0.117439,0.826407,0.918841,0.77281,0.906303,0.926956,0.784128,0.175445,0.270409,0.190853,0.352462,0.170744,0.195452,0.901026,0.92523,0.594491,1.049433,0.742442,0.825529,0.824966,1.266961,0.21166,1.329021,0.735572,0.884031,1.030472,0.940884,0.738962,0.708828,0.837762,0.947886,4.979838,4.952177,3.208323,7.382479,6.217395,5.73062,0.742156,0.457603,0.644338,0.631444,0.720704,0.794174,0.01497,0.023095,0.002309,0.077188,0.014348,0.015297,0.678482,0.729759,0.243842,0.882956,0.496734,0.60233,0.012466,0.036288,0.007808,0.043429,0.010206,0.01151,0.688445,0.632272,0.644338,0.408574,0.809313,0.765394,0.013266,0.01449,0.018475,0.058107,0.01401,0.012979,0.506754,0.654193,0.381136,0.821798,0.410159,0.45811,0.013572,0.031346,0.020191,0.038352,0.015397,0.013262,0.421056,0.259088,0.466887,0.191388,0.64951,0.525717,0.174173,0.202356,0.050332,0.245724,0.111475,0.129615
-0.39,0.47,0.12,0.07,0.45,0.15,1.54,1.02,0.88,-0.38,-1.8,-0.83,0.07,-1.62,-0.65,-0.2,-0.61,-0.61,2.38,-1.41,0.1,-0.73,-0.28,-0.62,0.76,0.2,1.44,0.99,1.9,0.18,1.16,1.62,1.21,1.21,4.25,0.4,1.93,1.09,1.54,1.2,0.73,1.41,0.45,0.9,-0.79,0.17,0.63,0.22,0.22,3.23,-0.59,0.93,0.1,0.55,0.21,0.24,-0.04,0.45,0.91,-0.45,-1.68,-0.72,-0.27,-0.68,-0.67,2.31,-1.47,0.03,-0.79,-0.35,-0.68,1.28,1.25,0.98,1.43,1.02,1.02,4.06,0.21,1.74,0.9,1.36,1.02,1.26,0.19,-0.08,0.27,0.45,0.04,0.05,3.05,-0.76,0.76,-0.07,0.38,0.04,-0.63,-0.18,-0.41,-0.4,2.59,-1.21,0.3,-0.52,-0.08,-0.41,0.29,-0.15,-0.36,0.37,0.23,0.52,0.23,0,3.01,-0.8,0.71,-0.12,0.33,0,0.4,0.23,3,-0.81,0.71,-0.12,0.33,-0.01,-0.23,-0.48,0.11,0.51,-1.74,0.16,0.18,-0.9,0.92,0.47,0.22,4.78,-2.11,-0.77,-0.4,-0.17,0.32,1.11,-1.12,-1,0.36,-1.38,0.73,-1.25,0.63,0.64,0.75,-0.53,-0.66,2.12,-2.7,-3.7,-2.23,-3.03,-2.6,-2.92,1.06,1.04,1.53,0.69,1.14,0.8,-0.48,-0.82,-0.38,-0.71,0.91,0.93,0.35,0.45,0.11,0.38,0.37,0.98,-0.79,-0.2,0.68,0.51,0.64,-0.1,-0.33,0.39,0.63,0.24,0.54,0.4,0.23,0.91,1.01,0.44,0,3,1,162,1,4,18,28,35,62,182,100,100,3,1.5,3,0.734442,0.857371,0.25,0.739344,0.559971,0.672228,0.00263,0.00281,0.0008,0.003247,0.002501,0.002839,0.829878,0.967445,0.355662,0.814005,0.653892,0.756057,0.003562,0.004145,0.000231,0.009129,0.003466,0.003688,0.5,0.590705,0.235094,0.530909,0.25,0.404025,0.001051,0.000919,0.001007,0.001483,0.0008,0.000926,0.344685,0.531733,0.25,0.710787,0.112543,0.289181,1.073087,1.641292,1,4.96651,0.752773,1.054093,0.262792,0.276649,0,0.338002,0.444649,0.328034,0.063236,0.049642,0,0.050399,0.023487,0.050591,0.401291,0.626635,0.268207,0.739707,0.214867,0.166667,3.165869,4.688677,2.516611,12.406655,2.33809,2,0.540459,0.551031,0.5,0.340114,0.602062,0.625988,0.000206,0.000245,0,0.00043,0.000163,0.000176,0.80418,0.903076,0.580064,0.79767,0.635333,0.734509,0.002055,0.002998,0.000833,0.006439,0.00197,0.00199,0.573431,0.699493,0.355662,0.789242,0.551462,0.548365,0.907878,2.234836,0.46188,5.517297,0.971597,0.918937,0.330749,0.342955,0,0.323432,0,0.374012,0.015362,0.014486,0,0.016566,0,0.013758,0.277591,0.420985,0.355662,0.452516,0.44415,0.336775,0.111394,0.107469,0.036258,0.110433,0.04715,0.085295,0.774108,0.878493,0.644338,0.904705,0.798796,0.846099,0.180434,0.285475,0.144338,0.334549,0.209117,0.170504,0.82986,0.892783,0.355662,1.016741,0.678106,0.76413,0.901897,1.259177,0.046188,1.364722,0.617608,0.853958,0.853604,0.833093,0.430662,0.655187,0.683691,0.782524,5.561774,5.016119,1.442221,7.074793,6.079035,6.1745,0.827199,0.527224,0.788675,0.644317,0.78083,0.808107,0.015409,0.022957,0.003464,0.072107,0.010386,0.015868,0.595292,0.698862,0.321806,0.852001,0.395609,0.532833,0.011893,0.032707,0.009914,0.044389,0.00942,0.011506,0.338452,0.304306,0.211325,0.308293,0.423927,0.416667,0.013412,0.014478,0.011547,0.046077,0.013145,0.012,0.513507,0.642507,0.358327,0.810373,0.3777,0.460409,0.013573,0.028654,0.018823,0.038824,0.0139,0.013191,0.277062,0.147282,0.227228,0.08923,0.417099,0.337779,0.151388,0.210863,0.091652,0.253082,0.110574,0.123288
-0.7,0.44,0.08,0.07,0.47,0.09,1.52,0.94,0.77,-0.43,-1.8,-0.92,0.01,-1.56,-0.62,-0.1,-0.48,-0.63,2.29,-1.43,0,-0.69,-0.19,-0.59,0.67,0.07,1.39,0.89,1.84,0.24,1.2,1.73,1.34,1.19,4.17,0.37,1.83,1.13,1.63,1.23,0.69,1.41,0.5,0.94,-0.65,0.31,0.84,0.45,0.3,3.25,-0.51,0.94,0.24,0.74,0.34,0.21,-0.07,0.34,0.86,-0.44,-1.57,-0.63,-0.11,-0.49,-0.64,2.28,-1.44,-0.01,-0.7,-0.2,-0.6,1.25,1.15,0.96,1.49,1.1,0.95,3.92,0.14,1.59,0.89,1.39,0.99,1.23,-0.19,0.31,0.19,0.52,0.14,-0.01,2.93,-0.82,0.62,-0.07,0.43,0.03,-0.77,-0.34,-0.38,-0.53,2.39,-1.34,0.1,-0.59,-0.1,-0.49,0.27,-0.29,-0.55,0.3,0.16,0.46,0.05,-0.15,2.79,-0.96,0.48,-0.21,0.29,-0.11,0.3,0.2,2.94,-0.81,0.64,-0.06,0.44,0.04,-0.41,-0.66,0.1,0.38,-2.21,0.18,0.21,-0.79,0.8,0.41,0.22,4.71,-2.02,-0.62,-0.35,-0.32,0.31,0.94,-0.85,-0.89,0.29,-1.23,0.58,-1.14,0.57,0.15,1,-0.17,-0.16,2.05,-2.66,-3.64,-2.24,-2.92,-2.43,-2.82,0.86,1.01,1.45,0.75,1.25,0.85,-0.43,-0.69,-0.2,-0.59,0.85,0.85,0.26,0.5,0.1,0.34,0.3,0.89,-0.54,-0.4,0.55,0.45,0.55,-0.24,-0.4,0.32,0.59,0.21,0.51,0.36,0.16,0.66,0.86,0.31,-0.142857,7,1,162,1,4,19,31,35,53.5,54.5,87.5,87.5,1,1,3.5,0.569699,0.701677,0.227228,0.608581,0.201193,0.504136,0.00263,0.002851,0.001222,0.003185,0.001339,0.002687,0.65889,0.818585,0.211325,0.910147,0.301362,0.586031,0.003514,0.004159,0.001155,0.004983,0.001259,0.003487,0.243163,0.282903,0.25,0.334011,0.099743,0.147175,0.001103,0.000921,0.0012,0.001381,0.001124,0.001039,-0.056493,0.095679,0.219776,0.547852,0.032293,-0.027046,1.497473,1.700384,2.081666,4.462561,1.870829,1.581139,0.197857,0.13771,0.211325,0.194752,0.223245,0.208821,0.064677,0.051237,0.018013,0.051236,0.023487,0.041746,0.089633,0.353451,0.25,0.633428,0.08725,-0.027046,3.604501,4.620175,5,11.242018,3.937004,3.162278,0.607044,0.551031,0.5,0.347361,0,0.625988,0.000156,0.000245,0,0.000409,0,0.000176,0.541616,0.717534,0.214838,0.777714,0.151392,0.471666,0.002002,0.003007,0.001286,0.004389,0.001004,0.001961,-0.172302,0.117795,0.211325,0.551001,-0.001668,-0.092472,1.66096,2.234836,3.002221,5.514642,2.225908,1.837873,0.838502,0.846109,0.788675,0.792706,1.01031,0.833333,0.015362,0.015024,0.018013,0.015545,0.012737,0.0156,0.440134,0.555905,0.644338,0.587393,0.777128,0.574996,0.108159,0.105611,0.036258,0.108466,0.04715,0.069929,0.586578,0.7479,0.211325,0.821887,0.602234,0.663111,0.180762,0.283734,0.072053,0.299426,0.204108,0.170504,0.750507,0.838379,0.211325,0.967847,0.566053,0.684734,0.931444,1.267071,0.069282,1.39335,0.403716,0.769877,0.426861,0.37033,0.215103,0.322086,0.23225,0.389336,5.582983,4.691404,6.201075,6.686278,5.290999,6.124632,0.756648,0.502938,0.445446,0.623731,0.633615,0.706419,0.015586,0.021275,0.003055,0.066088,0.006861,0.016687,0.442258,0.634262,0.224339,0.804103,0.206496,0.340003,0.011401,0.030724,0.004716,0.045119,0.009029,0.009792,0.444351,0.3863,0.405509,0.254385,0.47347,0.529934,0.01198,0.014292,0.010583,0.025701,0.012565,0.011136,0.404911,0.569751,0.211774,0.758261,0.294297,0.348174,0.013671,0.026642,0.003585,0.039075,0.014746,0.013393,0.051579,-0.008199,0.235094,-0.049584,0.098828,0.069444,0.147741,0.21768,0.150997,0.266679,0.128789,0.12
-0.66,0.46,0.08,0.1,0.54,0.1,1.53,0.94,0.78,-0.38,-1.71,-0.88,0.07,-1.47,-0.56,-0.14,-0.44,-0.58,2.19,-1.6,0.07,-0.66,-0.15,-0.55,0.71,0.1,1.35,0.85,1.81,0.24,1.17,1.6,1.29,1.15,3.97,0.12,1.82,1.07,1.59,1.19,0.7,1.41,0.5,0.95,-0.6,0.32,0.75,0.44,0.3,3.09,-0.73,0.96,0.22,0.74,0.33,0.21,-0.12,0.38,0.86,-0.45,-1.54,-0.63,-0.2,-0.51,-0.65,2.12,-1.66,0.01,-0.72,-0.21,-0.61,1.25,1.11,0.92,1.36,1.05,0.9,3.72,-0.12,1.57,0.83,1.35,0.94,1.23,-0.23,0.27,0.18,0.43,0.12,-0.02,2.77,-1.04,0.64,-0.09,0.42,0.02,-0.72,-0.25,-0.31,-0.45,2.33,-1.46,0.21,-0.52,-0.01,-0.41,0.28,-0.21,-0.65,0.29,0.13,0.45,0.06,-0.14,2.64,-1.16,0.52,-0.22,0.3,-0.1,0.33,0.2,2.79,-1.02,0.66,-0.08,0.44,0.04,-0.45,-0.66,0.11,0.39,-2.17,0.17,0.21,-0.79,0.82,0.42,0.17,4.71,-2.48,-0.61,-0.32,-0.29,0.31,0.87,-0.85,-0.79,0.3,-1.23,0.6,-1.1,0.54,0.14,1.31,-0.13,-0.22,2.49,-2.52,-3.71,-2.07,-2.79,-2.29,-2.68,0.84,1.23,1.7,0.95,1.47,1.07,-0.46,-0.73,-0.22,-0.62,0.85,0.82,0.28,0.51,0.11,0.29,0.28,0.89,0,-0.48,-0.11,0.37,0.59,-0.24,-0.4,0.29,0.53,0.22,0.46,0.38,0.16,0.58,0.88,0.32,0,5,4,53,5,3,58,151,50,34,61,100,100,3,1,1,0.623482,0.754491,0.5,0.666648,0.301852,0.54138,0.002632,0.002718,0.0008,0.0032,0.001178,0.002417,0.604855,0.772917,0.318533,0.887031,0.221907,0.521167,0.003417,0.004076,0.001286,0.004748,0.001259,0.00315,0.575274,0.699552,0.70016,0.617078,0.455527,0.5,0.000996,0.000919,0.000833,0.00137,0.001124,0.000959,-0.011766,-0.051346,0.29984,0.485788,0.139768,0.047246,1.954017,1.700384,2.081666,4.397775,2.428992,2.14735,0.350021,0.289945,0.644338,0.326741,0.5,0.442641,0.060897,0.051237,0.018013,0.048061,0.019733,0.030413,0.158991,0.382433,0.405509,0.649231,0.245386,0.162456,3.604501,4.252876,2.645751,11.238154,3.763863,3.620927,0.607044,0.535698,0.5,0.35519,0,0.625988,0.000156,0.000233,0,0.000403,0,0.000176,0.611756,0.765424,0.466887,0.822494,0.406518,0.542236,0.001864,0.002888,0.001007,0.004122,0.000891,0.001841,-0.011401,0.073048,0.339954,0.528847,0.163137,0.066423,2.167249,2.234836,3.1241,5.488764,2.869611,2.383275,0.330749,0.342955,0.355662,0.290924,0.397938,0.374012,0.015362,0.014486,0.018013,0.015545,0.012737,0.013758,0.207675,0.259534,0.250267,0.293026,0.113293,0.133794,0.111406,0.105611,0.0626,0.106998,0.04715,0.052187,0.42772,0.622734,0.249867,0.708529,0.362229,0.479538,0.180434,0.275629,0.125,0.299608,0.151339,0.170504,0.907997,0.97843,0.78677,1.087587,0.977876,0.888002,1.006952,1.292422,0.523068,1.485241,0.397593,0.796102,0.617637,0.638349,0.5,0.507259,0.388492,0.548238,5.525478,4.547686,4.8,6.600575,4.185053,5.52811,0.672242,0.467869,0.25,0.600255,0.330663,0.605785,0.015966,0.020748,0.004,0.061302,0.003445,0.013654,0.621993,0.700687,0.718218,0.840957,0.452264,0.546163,0.010042,0.027738,0.004888,0.045815,0.008728,0.008665,0.631836,0.539237,0.772772,0.337542,0.593328,0.682524,0.011378,0.013805,0.00611,0.023852,0.012501,0.011566,0.521627,0.633829,0.697515,0.799245,0.467399,0.481773,0.01156,0.024004,0.004388,0.039084,0.014315,0.012802,0.157624,0.068846,0.381746,0.003738,0.220268,0.198752,0.154557,0.230486,0.098658,0.277281,0.148952,0.130937
-0.37,0.45,0.08,0.11,0.64,0.05,1.53,0.9,0.75,-0.38,-1.71,-0.83,0.1,-1.43,-0.49,-0.19,-0.42,-0.58,1.99,-1.8,0.05,-0.56,-0.08,-0.5,0.65,0.07,1.35,0.89,1.84,0.28,1.23,1.54,1.31,1.14,3.76,-0.1,1.79,1.16,1.66,1.23,0.67,1.41,0.45,0.94,-0.61,0.34,0.65,0.41,0.25,2.84,-0.98,0.89,0.27,0.76,0.33,0.21,-0.12,0.3,0.86,-0.48,-1.53,-0.59,-0.29,-0.52,-0.68,1.89,-1.9,-0.05,-0.66,-0.18,-0.6,1.23,1.06,0.95,1.26,1.03,0.86,3.47,-0.37,1.5,0.88,1.37,0.95,1.2,-0.42,0.47,0.11,0.31,0.08,-0.09,2.5,-1.31,0.55,-0.07,0.42,0,-0.72,-0.2,-0.23,-0.4,2.19,-1.62,0.24,-0.37,0.11,-0.31,0.28,-0.17,-0.78,0.26,0.1,0.44,0.04,-0.16,2.42,-1.39,0.47,-0.14,0.34,-0.08,0.2,0.2,2.59,-1.23,0.64,0.02,0.51,0.08,-0.5,-0.7,0.09,0.36,-2.09,0.15,0.15,-0.76,0.79,0.4,0.22,4.72,-2.91,-0.55,-0.28,-0.15,0.3,0.81,-0.81,-0.69,0.26,-1.15,0.51,-1.2,0.6,0.08,1.69,-0.1,-0.11,2.85,-2.33,-3.72,-1.91,-2.5,-2.03,-2.44,0.75,1.44,1.89,1.26,1.75,1.33,-0.43,-0.61,-0.13,-0.55,0.82,0.82,0.18,0.49,0.06,0.27,0.26,0.88,0.46,-0.48,-0.55,0.32,0.59,-0.31,-0.42,0.21,0.56,0.18,0.46,0.39,0.12,0.59,0.85,0.29,0,10,0,0,0,0,0,0,0,0,0,0,0,0,0,0,0.52045,0.664757,0.355662,0.599145,0.244845,0.406689,0.002445,0.002655,0.000462,0.003194,0.001306,0.002024,0.520794,0.705646,0.227228,0.843372,0.170596,0.415583,0.003206,0.004032,0.000611,0.004484,0.001518,0.002764,0.445088,0.581917,0.580064,0.537154,0.409315,0.380031,0.000911,0.000916,0.000833,0.001346,0.001103,0.000926,-0.034861,-0.171311,0.227228,0.368778,0.155113,0.04267,2.609714,2.063749,1.527525,4.366012,3.141125,2.915476,0.526666,0.434884,0.75,0.473415,0.895285,0.784268,0.047814,0.050487,0.0312,0.044277,0.019733,0.02439,0.109822,0.319667,0.355662,0.621866,0.270037,0.182838,3.737606,4.216728,0.57735,11.240106,4.167333,4.116363,0.607044,0.535698,0.5,0.362995,0,0.583333,0.000156,0.000233,0,0.000395,0,0.000133,0.529242,0.712229,0.5,0.802842,0.321792,0.444202,0.00171,0.002847,0.0004,0.003763,0.000935,0.001593,0.093095,0.092025,0.355662,0.526596,0.262449,0.168144,2.519019,2.308146,0.23094,5.483256,3.157214,2.745501,0.838502,0.846109,0.644338,0.792706,0.822749,0.940959,0.015362,0.015024,0.018013,0.015545,0.016112,0.013758,0.718192,0.687203,0.718068,0.728322,0.857271,0.916333,0.083604,0.10096,0.095536,0.099859,0.065636,0.062583,0.947579,0.918657,0.772735,0.99538,0.844171,0.88346,0.180434,0.283078,0.191028,0.303639,0.151427,0.208337,0.988502,1.071793,0.748208,1.168448,0.950967,0.979133,1.141243,1.382347,0.940071,1.615994,0.739153,0.927601,0.722195,0.825172,0.731793,0.636379,0.552275,0.650881,5.588191,4.446363,4.026578,6.461753,4.144716,5.228554,0.5172,0.386507,0.227228,0.556717,0.061126,0.355423,0.014535,0.020009,0.00611,0.056016,0.005317,0.008838,0.923871,0.843593,0.770036,0.91163,0.828382,0.892067,0.011855,0.025684,0.013578,0.047013,0.010658,0.010117,1.017864,0.941363,0.780224,0.600661,0.897358,0.962584,0.013839,0.014538,0.016653,0.022973,0.013003,0.014892,0.712743,0.734528,0.758378,0.849369,0.602278,0.643779,0.011947,0.021266,0.009418,0.039446,0.014014,0.012133,0.540817,0.324082,0.78786,0.214421,0.596244,0.630543,0.142913,0.223825,0.133167,0.277945,0.147196,0.127671
-0.35,0.47,0.08,0.11,0.58,0.03,1.51,0.89,0.71,-0.36,-1.6,-0.85,0.18,-1.41,-0.47,-0.17,-0.36,-0.56,2.16,-1.69,0.07,-0.42,0,-0.45,0.63,0.1,1.26,0.76,1.81,0.2,1.15,1.45,1.26,1.06,3.83,-0.09,1.71,1.2,1.63,1.17,0.67,1.41,0.5,1.04,-0.56,0.38,0.68,0.5,0.3,3.04,-0.85,0.93,0.43,0.86,0.4,0.15,-0.08,0.3,0.8,-0.53,-1.58,-0.64,-0.35,-0.53,-0.73,1.98,-1.86,-0.1,-0.6,-0.18,-0.63,1.21,1.06,0.95,1.25,1.06,0.86,3.62,-0.29,1.5,1,1.42,0.97,1.18,-0.52,0.62,0.11,0.3,0.11,-0.09,2.65,-1.23,0.55,0.05,0.47,0.02,-0.71,-0.18,-0.18,-0.38,2.34,-1.52,0.25,-0.25,0.17,-0.28,0.27,-0.14,-0.86,0.25,0.07,0.43,0,-0.2,2.53,-1.34,0.44,-0.06,0.36,-0.09,0.15,0.2,2.74,-1.14,0.64,0.14,0.56,0.11,-0.5,-0.7,0.07,0.34,-1.95,0.18,0.16,-0.79,0.8,0.41,0.09,4.69,-2.73,-0.5,-0.24,-0.12,0.27,0.75,-0.73,-0.69,0.24,-1.15,0.46,-1.15,0.57,0.03,2.31,-0.03,-0.01,2.76,-2.47,-3.77,-2.04,-2.53,-2.12,-2.56,0.69,1.35,1.8,1.29,1.72,1.26,-0.43,-0.5,-0.08,-0.53,0.78,0.8,0.06,0.42,-0.03,0.25,0.24,0.85,0.57,-0.53,-0.55,0.29,0.51,-0.36,-0.45,0.2,0.57,0.18,0.4,0.39,0.09,0.58,0.77,0.22,0.333333,6,0,0,0,0,0,0,0,0,0,0,0,0,0,0,0.417259,0.571398,0.25,0.530407,0.188624,0.163212,0.002316,0.002393,0.0008,0.003152,0.001178,0.001386,0.463717,0.664736,0.281782,0.812803,0.220904,0.174242,0.002986,0.003946,0.000611,0.004356,0.001553,0.001467,0.335263,0.462786,0.25,0.443846,0.375,0.291486,0.000911,0.000896,0.0004,0.001224,0.0008,0.000959,0.081557,-0.107733,0.355662,0.34707,0.247175,0.157045,2.93748,2.245366,1.154701,4.052788,2.966479,3.32081,0.392866,0.289945,0.355662,0.29725,0.5,0.5,0.036558,0.051237,0.018013,0.044277,0.019733,0.022062,0.228284,0.345843,0.644338,0.636197,0.384572,0.292085,3.833663,3.784024,0.57735,10.860495,3.970726,4.275252,0.085422,0.107317,0.211325,0.126126,-0.01031,-0.166667,0.000181,0.000233,0.000231,0.000396,0.000163,0.000133,0.406445,0.626297,0.227228,0.752925,0.21593,0.152092,0.001692,0.002639,0.000611,0.003402,0.001115,0.001022,0.08702,-0.049111,0.211325,0.460764,0.258994,0.161723,2.824997,2.268818,0.69282,5.256587,3.042806,3.186081,0.783211,0.815953,0.644338,0.780505,0.728218,0.833333,0.016066,0.01543,0.018013,0.015641,0.017089,0.0156,0.572578,0.526345,0.554779,0.572102,0.580977,0.667066,0.072221,0.100431,0.095536,0.099859,0.064627,0.062583,0.601191,0.681268,0.445558,0.777519,0.381025,0.55284,0.180434,0.280271,0.191028,0.305062,0.13112,0.197663,0.84629,0.965729,0.53595,1.064797,0.732936,0.816527,1.143069,1.384032,0.463609,1.711899,0.808521,0.874071,0.733554,0.857213,0.705174,0.685508,0.619619,0.668651,5.708898,4.665756,2.274496,6.423803,4.179952,4.414119,0.386278,0.304085,0.25,0.504821,0.092873,0.072285,0.014656,0.019566,0.008,0.0497,0.008802,0.007923,0.481243,0.647234,0.332627,0.796697,0.434922,0.380434,0.010219,0.021395,0.010555,0.047116,0.008964,0.009107,0.718489,0.682128,0.445446,0.436004,0.589726,0.652944,0.014112,0.013955,0.01222,0.021811,0.013003,0.01453,0.349156,0.502043,0.266435,0.728526,0.291282,0.299756,0.012043,0.018351,0.008848,0.0389,0.006708,0.01254,0.667944,0.376789,0.678571,0.258811,0.710421,0.665403,0.119087,0.224885,0.14,0.280727,0.13069,0.124276
-0.31,0.46,0.08,0.12,0.61,-0.02,1.48,0.87,0.64,-0.43,-1.59,-0.87,0.14,-1.41,-0.54,-0.29,-0.42,-0.63,1.95,-1.85,-0.02,-0.54,-0.09,-0.43,0.59,0.03,1.18,0.73,1.75,0.19,1.06,1.32,1.19,0.98,3.59,-0.27,1.59,1.06,1.52,1.18,0.67,1.34,0.45,1.02,-0.54,0.34,0.59,0.46,0.25,2.84,-0.99,0.86,0.33,0.79,0.45,0.14,-0.12,0.26,0.74,-0.57,-1.54,-0.68,-0.42,-0.55,-0.77,1.81,-1.99,-0.16,-0.68,-0.23,-0.57,1.2,0.99,0.88,1.14,1,0.79,3.4,-0.45,1.4,0.88,1.33,0.99,1.14,-0.54,0.62,0.11,0.26,0.12,-0.09,2.5,-1.32,0.52,0,0.45,0.11,-0.83,-0.15,-0.13,-0.35,2.24,-1.57,0.26,-0.26,0.19,-0.15,0.24,-0.12,-0.94,0.2,0.03,0.36,-0.01,-0.21,2.37,-1.44,0.4,-0.13,0.33,-0.01,0.13,0.2,2.59,-1.23,0.61,0.09,0.54,0.2,-0.5,-0.74,0.1,0.28,-2.59,0.16,0.18,-0.67,0.72,0.36,0.07,4.57,-2.97,-0.43,-0.21,-0.12,0.23,0.61,-0.54,-0.59,0.2,-1.15,0.37,-1.15,0.57,-0.08,3.43,0.03,0.09,2.95,-2.33,-3.73,-1.93,-2.44,-2,-2.33,0.54,1.45,1.86,1.34,1.8,1.45,-0.41,-0.52,-0.07,-0.41,0.71,0.69,0.11,0.45,0.11,0.19,0.18,0.8,1.45,-0.65,-1.53,0.24,0.45,-0.34,-0.34,0.11,0.52,0.15,0.37,0.33,0,0.41,0.6,0.17,1.4,5,0,0,0,0,0,0,0,0,0,0,0,0,0,0,0.343694,0.512917,0.281782,0.497354,0.191063,0.155735,0.002133,0.002258,0.000611,0.003149,0.001025,0.001549,0.272498,0.525068,0.214838,0.68947,0.12346,0.047437,0.00282,0.003823,0.001286,0.004321,0.001859,0.001964,0.142846,0.258257,0.227228,0.277163,0.201193,0.176023,0.000957,0.000914,0.000611,0.001215,0.000669,0.001097,0.014274,-0.223149,0.211325,0.162012,0.147902,0.091185,3.688639,2.823299,1.732051,4.052788,3.076795,3.872983,0.898538,0.589788,0.750529,0.643912,0.9044,0.982693,0.031197,0.051325,0.0314,0.043314,0.032352,0.027116,0.016771,-0.011661,0.214838,0.493718,0.083875,0.075125,4.699291,4.010629,3.21455,10.777715,3.204164,4.57651,0.161498,0.107317,0.355662,0.1407,0.177251,0.059041,0.000197,0.000233,0.000231,0.000394,0.000207,0.000176,0.140411,0.417807,0.22265,0.597434,0.078324,-0.017047,0.001784,0.002484,0.001442,0.003165,0.001462,0.001397,0.093172,-0.111912,0.25,0.401762,0.245278,0.168582,3.195451,2.485378,1.2,5.238151,2.74809,3.453179,0.330749,0.310428,0.211325,0.290924,0.271782,0.333333,0.015362,0.01543,0.018013,0.015545,0.017089,0.0156,0.85516,0.665561,0.644338,0.719589,0.749324,0.833067,0.062343,0.098403,0.036027,0.097901,0.073131,0.062583,0.735208,0.769125,0.499733,0.871312,0.618975,0.674945,0.188131,0.280523,0.125,0.296252,0.13112,0.158653,0.871353,0.994853,0.684886,1.079241,0.75733,0.857323,1.157929,1.408668,0.234379,1.821349,0.86141,0.861343,0.792723,0.935121,0.772772,0.780437,0.763161,0.764881,5.465928,5.017766,1.83303,6.4037,4.179952,3.733333,0.229324,0.24719,0.262711,0.451281,0.152739,0.033678,0.012777,0.019036,0.007024,0.04319,0.011759,0.009888,0.795459,0.849908,0.586163,0.857761,0.749869,0.729114,0.009872,0.016778,0.010058,0.047757,0.010272,0.00936,0.850797,0.879128,0.580064,0.572535,0.749794,0.782076,0.015679,0.014397,0.008327,0.021828,0.014679,0.015362,0.723664,0.790794,0.670935,0.841378,0.834551,0.692718,0.012034,0.014644,0.01092,0.039186,0.008868,0.012684,0.667944,0.389381,0.644338,0.268244,0.723252,0.63344,0.119087,0.222235,0.023094,0.282265,0.126912,0.1249
-0.6,0.44,0.08,0.11,0.6,0.02,1.48,0.89,0.7,-0.38,-1.59,-0.88,0.22,-1.5,-0.49,-0.16,-0.41,-0.56,2.14,-1.81,0.03,-0.56,-0.11,-0.48,0.59,0.1,1.23,0.73,1.84,0.09,1.12,1.45,1.21,1.05,3.79,-0.22,1.65,1.05,1.51,1.14,0.67,1.34,0.5,1.1,-0.63,0.38,0.72,0.47,0.32,3.04,-0.94,0.91,0.32,0.77,0.4,0.14,-0.12,0.3,0.74,-0.6,-1.72,-0.71,-0.38,-0.62,-0.77,1.92,-2.02,-0.19,-0.78,-0.33,-0.69,1.23,1.14,1.02,1.36,1.11,0.96,3.7,-0.31,1.55,0.96,1.41,1.04,1.14,-0.23,0.32,0.11,0.33,0.09,-0.06,2.65,-1.32,0.53,-0.07,0.38,0.02,-0.9,-0.22,-0.24,-0.39,2.31,-1.65,0.19,-0.4,0.05,-0.31,0.28,-0.2,-0.94,0.25,0.09,0.42,0.02,-0.15,2.56,-1.41,0.44,-0.15,0.3,-0.07,0.21,0.18,2.71,-1.26,0.59,0,0.45,0.08,-0.45,-0.73,0.1,0.31,-2.59,0.15,0.14,-0.76,0.78,0.41,0.12,4.59,-2.96,-0.5,-0.24,-0.25,0.25,0.77,-0.76,-0.63,0.24,-1.07,0.47,-0.99,0.51,0.05,3.12,-0.1,-0.11,2.93,-2.47,-3.86,-2.07,-2.64,-2.2,-2.56,0.7,1.45,1.87,1.27,1.73,1.36,-0.41,-0.59,-0.14,-0.5,0.76,0.74,0.18,0.45,0.09,0.21,0.22,0.83,1.25,-0.6,-1.41,0.24,0.5,-0.27,-0.36,0.13,0.52,0.21,0.46,0.36,0.09,0.37,0.7,0.24,0.666666,9,1,162,1,4,19,30,68,67,1024,42,42,1,1,1,0.260337,0.453749,0.25,0.465602,0.182162,0.182838,0.001947,0.002162,0.0004,0.003149,0.000891,0.001647,0.41901,0.640409,0.644338,0.792555,0.460272,0.330396,0.002572,0.003709,0.001155,0.00433,0.001259,0.002031,0.263049,0.377189,0.5,0.356994,0.397938,0.314305,0.000985,0.000916,0.0004,0.001209,0.000653,0.001077,0.257387,0.088746,0.644338,0.345184,0.459656,0.329419,3.864171,3.014157,1.732051,4.037062,2.065591,3.745368,0.42772,0.293197,0.355662,0.273331,0.41912,0.43318,0.027094,0.052063,0.036258,0.042481,0.032352,0.026107,0.269044,0.242824,0.554554,0.583541,0.462978,0.335354,4.871065,4.050407,3.05505,10.785608,2.250926,4.555217,0.161498,0.107317,0,0.153937,0.271782,0.166667,0.000197,0.000233,0,0.000391,0.000219,0.0002,0.196451,0.436658,0.405509,0.621017,0.232505,0.162638,0.001784,0.002302,0.001058,0.00303,0.001308,0.001614,0.260776,0.092459,0.70016,0.476909,0.467725,0.32881,3.309307,2.647996,0.832666,5.232929,1.032796,3.375072,0.838502,0.815953,0.644338,0.792706,0.661374,0.763523,0.015362,0.01543,0.018013,0.015545,0.016112,0.016444,0.374564,0.336582,0.249734,0.383182,0.321325,0.332934,0.062582,0.095818,0.0626,0.092255,0.073131,0.062583,0.402993,0.525677,0.249867,0.655337,0.250425,0.22036,0.188131,0.252661,0.125,0.27227,0.146182,0.136644,0.814576,0.946537,0.623299,1.033452,0.677082,0.776033,1.107309,1.418323,0.243311,1.918714,0.771769,0.865435,0.561808,0.708273,0.257909,0.612089,0.524901,0.454057,4.988593,5.081481,2.203028,6.356568,4.015968,3.627671,0.159884,0.262676,0.355662,0.42067,0.245832,0.150233,0.010903,0.017908,0.003464,0.036372,0.011147,0.011595,0.661939,0.79778,0.574017,0.822113,0.605618,0.619337,0.00952,0.014062,0.007656,0.048165,0.010099,0.009404,0.629364,0.657045,0.355662,0.442503,0.486085,0.538049,0.014816,0.013001,0.006928,0.021378,0.011978,0.011681,0.465044,0.581946,0.480048,0.75957,0.501905,0.452691,0.011204,0.012152,0.010024,0.038798,0.00875,0.012213,0.397061,0.253169,0.211325,0.16047,0.460668,0.380666,0.117383,0.221137,0.080829,0.286548,0.127122,0.125698
-0.37,0.46,0.08,0.1,0.58,0.05,1.48,0.89,0.7,-0.34,-1.52,-0.78,0.28,-1.53,-0.5,-0.1,-0.41,-0.51,2.19,-1.78,0.05,-0.5,-0.1,-0.44,0.61,0.04,1.2,0.75,1.83,-0.01,1.04,1.44,1.13,1.03,3.76,-0.27,1.6,1.04,1.44,1.1,0.67,1.34,0.45,1.07,-0.75,0.29,0.68,0.38,0.27,2.99,-1.01,0.84,0.29,0.69,0.34,0.14,-0.16,0.26,0.74,-0.62,-1.81,-0.78,-0.39,-0.69,-0.79,1.9,-2.06,-0.23,-0.78,-0.38,-0.72,1.2,1.21,1.05,1.45,1.14,1.03,3.77,-0.26,1.61,1.05,1.45,1.1,1.14,-0.19,0.27,0.16,0.39,0.09,-0.01,2.7,-1.29,0.55,0,0.4,0.06,-0.83,-0.23,-0.3,-0.41,2.29,-1.68,0.16,-0.39,0.01,-0.34,0.27,-0.17,-0.79,0.27,0.11,0.41,0.07,-0.1,2.6,-1.38,0.46,-0.09,0.31,-0.03,0.2,0.18,2.71,-1.28,0.57,0.01,0.41,0.07,-0.41,-0.63,0.11,0.31,-2.36,0.14,0.2,-0.76,0.79,0.41,0.12,4.66,-3.04,-0.52,-0.27,-0.17,0.27,0.79,-0.72,-0.73,0.26,-1.15,0.51,-1.04,0.54,0.14,3.07,-0.17,-0.16,2.99,-2.47,-3.89,-2.09,-2.63,-2.24,-2.57,0.77,1.47,1.87,1.31,1.72,1.37,-0.39,-0.55,-0.15,-0.49,0.76,0.74,0.16,0.4,0.06,0.24,0.25,0.83,1.28,-0.5,-1.42,0.27,0.55,-0.24,-0.34,0.16,0.56,0.21,0.4,0.36,0.11,0.46,0.72,0.2,0.375,8,4.2,117.2,2,2,83.4,218.2,23.2,58.6,316.8,100,100,3,1.2,1.4,0.146447,0.39082,0.25,0.4365,0.212388,0.17723,0.001697,0.002061,0.0004,0.00315,0.001043,0.00148,0.274243,0.599355,0.594491,0.759168,0.437304,0.325022,0.001809,0.003607,0.001058,0.004285,0.001063,0.001841,0.287788,0.370866,0.644338,0.35451,0.358465,0.34615,0.001021,0.000903,0.000231,0.001203,0.000589,0.000794,0.351698,0.199529,0.70016,0.407111,0.649404,0.43834,3.792936,3.085438,2.081666,4.037062,1.67332,3.153481,0.199719,0.159371,0.282081,0.08972,0.178026,0.201325,0.028168,0.053553,0.047877,0.042481,0.032352,0.029054,0.349122,0.308457,0.688982,0.601264,0.574044,0.426842,4.832811,4.078709,2.645751,10.749546,2.250926,4.176655,0.161498,0.142783,0,0.16594,0.338626,0.236477,0.000197,0.000245,0,0.000387,0.000207,0.000211,0.166693,0.413872,0.644338,0.612855,0.306472,0.232348,0.001675,0.002129,0.000231,0.002898,0.001378,0.001744,0.399391,0.261033,0.75,0.551736,0.811311,0.492158,3.313151,2.702602,1.6,5.23488,1.124278,2.833922,0.330749,0.310428,0.355662,0.290924,0.271782,0.289182,0.015362,0.01543,0.018013,0.015545,0.017089,0.016444,0.189586,0.173772,0.281932,0.204155,0.228008,0.156092,0.067141,0.095818,0.095536,0.090257,0.086216,0.070723,0.383813,0.505523,0.355662,0.647398,0.302331,0.22036,0.179452,0.23161,0.144338,0.264858,0.158177,0.136644,0.793436,0.916183,0.75,1.007851,0.68129,0.738831,1.022368,1.458694,0.04,2.010925,0.404508,0.87463,0.477478,0.662566,0.321429,0.592972,0.344312,0.417553,4.070143,5.12612,2.8,6.095039,2.355136,3.638681,0.137579,0.252829,0.211325,0.373606,0.272454,0.195997,0.011382,0.017195,0.001155,0.0314,0.009522,0.01261,0.641432,0.78365,0.378954,0.810152,0.551869,0.659214,0.008602,0.013691,0.002203,0.048646,0.00739,0.008723,0.664296,0.71531,0.445446,0.491219,0.5,0.612687,0.014202,0.012772,0.00611,0.021353,0.008764,0.011832,0.466203,0.573214,0.363603,0.751441,0.456615,0.543694,0.011096,0.011268,0.006354,0.038901,0.007299,0.00712,0.458468,0.314787,0.430662,0.206937,0.47505,0.5,0.110358,0.211468,0.072111,0.284353,0.1002,0.110454
